20120528	000000	2.4352	2.4887	2.4286	2.4858	1277518720	3136645632
20120529	000000	2.4839	2.5402	2.4839	2.5240	714948928	1790477568
20120530	000000	2.5221	2.5269	2.5135	2.5164	265887200	669881152
20120531	000000	2.5021	2.5250	2.4944	2.5106	178155904	446946240
20120601	000000	2.5097	2.5393	2.5011	2.5106	179350000	451990560
20120604	000000	2.4830	2.4858	2.4391	2.4419	546074176	1349272192
20120605	000000	2.4457	2.4553	2.4400	2.4448	127167488	311349696
20120606	000000	2.4467	2.4572	2.4324	2.4429	136922720	334918112
20120607	000000	2.4610	2.4658	2.4209	2.4276	336424000	820999808
20120608	000000	2.4419	2.4438	2.4152	2.4190	210182208	510368256
20120611	000000	2.4276	2.4601	2.4209	2.4476	225455504	550173056
20120612	000000	2.4343	2.4457	2.4228	2.4324	157723712	383641280
20120613	000000	2.4438	2.4706	2.4343	2.4677	188133504	461914400
20120614	000000	2.4629	2.4801	2.4543	2.4572	152554656	376162080
20120615	000000	2.4648	2.4763	2.4410	2.4667	159835264	392866240
20120618	000000	2.4715	2.4896	2.4706	2.4744	132126528	327395456
20120619	000000	2.4725	2.4725	2.4553	2.4562	105011680	258637984
20120620	000000	2.4629	2.4696	2.4534	2.4534	119277360	293565056
20120621	000000	2.4467	2.4476	2.4028	2.4152	179224096	433068512
20120625	000000	2.4123	2.4123	2.3636	2.3675	231481104	553148288
20120626	000000	2.3598	2.3722	2.3503	2.3675	185228800	437647136
20120627	000000	2.3655	2.3799	2.3579	2.3589	151365792	358419328
20120628	000000	2.3675	2.3732	2.3436	2.3455	169573904	399670720
20120629	000000	2.3398	2.3751	2.3369	2.3722	197204192	464221728
20120702	000000	2.3818	2.3818	2.3636	2.3722	186222208	442045632
20120703	000000	2.3751	2.4018	2.3694	2.3760	146903104	350394112
20120704	000000	2.3808	2.3904	2.3713	2.3760	110336400	262555552
20120705	000000	2.3665	2.3665	2.3407	2.3493	208773904	490285248
20120706	000000	2.3541	2.3980	2.3407	2.3875	175797792	416743744
20120709	000000	2.3760	2.3856	2.3369	2.3398	164864336	389579104
20120710	000000	2.3379	2.3417	2.3274	2.3302	204195904	476506560
20120711	000000	2.3274	2.3465	2.3245	2.3407	169297600	395301184
20120712	000000	2.3350	2.3741	2.3264	2.3617	266044400	625317120
20120713	000000	2.3608	2.3827	2.3589	2.3655	177890400	421444576
20120716	000000	2.3684	2.3694	2.3264	2.3274	227361104	531124160
20120717	000000	2.3264	2.3379	2.3207	2.3321	258532800	601538496
20120718	000000	2.3302	2.3398	2.2968	2.3321	315295904	731925376
20120719	000000	2.3302	2.3608	2.3264	2.3398	338043904	792590784
20120720	000000	2.3340	2.3398	2.3169	2.3226	270297696	629772288
20120723	000000	2.3016	2.3016	2.2834	2.2940	185688496	425612480
20120724	000000	2.2882	2.3130	2.2863	2.2987	230423600	529226784
20120725	000000	2.2911	2.3045	2.2815	2.2844	138906720	318487392
20120726	000000	2.2863	2.2978	2.2720	2.2739	254896000	582463296
20120727	000000	2.2806	2.2873	2.2691	2.2768	372468512	848257600
20120730	000000	2.2806	2.2901	2.2644	2.2691	230320608	524246112
20120731	000000	2.2701	2.2768	2.2586	2.2634	421498304	955660736
20120801	000000	2.2644	2.2920	2.2644	2.2806	261555504	596316672
20120802	000000	2.2777	2.2806	2.2519	2.2634	208725792	473390176
20120803	000000	2.2672	2.2777	2.2605	2.2768	173736608	393981888
20120806	000000	2.2749	2.3102	2.2739	2.3064	314425696	721150656
20120807	000000	2.3054	2.3111	2.3025	2.3092	258440304	596344768
20120808	000000	2.3130	2.3255	2.3064	2.3111	232950208	539127040
20120809	000000	2.3121	2.3369	2.3025	2.3340	201000304	466572128
20120810	000000	2.3360	2.3360	2.3226	2.3274	111870096	260664672
20120813	000000	2.3207	2.3207	2.2806	2.2834	295936608	681096448
20120814	000000	2.2844	2.2873	2.2529	2.2796	322602208	732744832
20120815	000000	2.2749	2.2749	2.2567	2.2586	191010896	432555008
20120816	000000	2.2596	2.2624	2.2500	2.2519	122866256	277223744
20120817	000000	2.2519	2.2529	2.2290	2.2424	175726496	393483904
20120820	000000	2.2271	2.2367	2.1403	2.2300	170506096	378259264
20120821	000000	2.2300	2.2596	2.2271	2.2386	234889408	527028192
20120822	000000	2.2405	2.2424	2.2176	2.2224	129801968	289154976
20120823	000000	2.2271	2.2414	2.2166	2.2329	167054640	372368896
20120824	000000	2.2243	2.2262	2.2080	2.2109	158441888	351033344
20120827	000000	2.2004	2.2004	2.1641	2.1651	314323296	684285376
20120828	000000	2.1622	2.1804	2.1574	2.1651	217624096	471333824
20120829	000000	2.1593	2.1708	2.1479	2.1508	213328096	460442944
20120830	000000	2.1441	2.1527	2.1250	2.1412	232674400	497975936
20120831	000000	2.1383	2.1488	2.1364	2.1412	203186208	435389856
20120903	000000	2.1364	2.1670	2.1317	2.1546	238842496	514445728
20120904	000000	2.1584	2.1641	2.1307	2.1317	224764704	483421184
20120905	000000	2.1317	2.1393	2.1221	2.1307	218155904	464728896
20120906	000000	2.1336	2.1517	2.1307	2.1517	169650704	363213856
20120907	000000	2.1641	2.2768	2.1641	2.2500	558933632	1248783232
20120910	000000	2.2529	2.2624	2.2462	2.2577	239091504	538974592
20120911	000000	2.2424	2.2434	2.2252	2.2405	286374208	639602368
20120912	000000	2.2577	2.2701	2.2281	2.2519	277382592	623198336
20120913	000000	2.2453	2.2558	2.2290	2.2300	205652704	461541728
20120914	000000	2.2472	2.2624	2.2290	2.2453	323767616	727429888
20120917	000000	2.2395	2.2414	2.1909	2.1928	270617088	599946816
20120918	000000	2.1784	2.1832	2.1593	2.1660	222930496	484881792
20120919	000000	2.1660	2.1804	2.1593	2.1746	278484992	603916736
20120920	000000	2.1699	2.1699	2.1250	2.1278	408269504	876704256
20120921	000000	2.1202	2.1479	2.1183	2.1269	277052096	590841280
20120924	000000	2.1135	2.1603	2.1040	2.1460	314290112	669516224
20120925	000000	2.1393	2.1546	2.1336	2.1431	172180992	369411264
20120926	000000	2.1412	2.1498	2.1173	2.1202	162960704	347205120
20120927	000000	2.1240	2.2300	2.1231	2.1813	479172704	1040231040
20120928	000000	2.1679	2.2329	2.1622	2.2319	502110912	1105685632
20121008	000000	2.2290	2.2329	2.1861	2.1985	190407808	420642464
20121009	000000	2.2099	2.2605	2.2099	2.2491	368639904	827180224
20121010	000000	2.2405	2.2529	2.2329	2.2491	192738000	432764992
20121011	000000	2.2414	2.2491	2.2290	2.2338	236234496	528668608
20121012	000000	2.2414	2.2605	2.2157	2.2319	283715200	635340032
20121015	000000	2.2376	2.2376	2.2099	2.2243	173331904	384853728
20121016	000000	2.2233	2.2453	2.2157	2.2252	303313312	677287296
20121017	000000	2.2367	2.2414	2.2119	2.2338	233149904	519791488
20121018	000000	2.2386	2.2682	2.2376	2.2615	282792800	637440256
20121019	000000	2.2586	2.2672	2.2558	2.2615	163313552	369419904
20121022	000000	2.2519	2.2758	2.2453	2.2701	233199392	526828736
20121023	000000	2.2691	2.2710	2.2424	2.2443	261856304	590854784
20121024	000000	2.2386	2.2519	2.2357	2.2405	215470304	483035552
20121025	000000	2.2405	2.2500	2.2214	2.2224	243580608	544265344
20121026	000000	2.2233	2.2262	2.1651	2.1727	305971008	669487104
20121029	000000	2.1689	2.1756	2.1555	2.1622	238310400	516306432
20121030	000000	2.1651	2.1851	2.1603	2.1670	330497088	716801280
20121031	000000	2.1689	2.1842	2.1622	2.1823	243353408	528953760
20121101	000000	2.1870	2.2376	2.1832	2.2281	338128000	750267136
20121102	000000	2.2281	2.2367	2.2128	2.2329	266208896	592810688
20121105	000000	2.2309	2.2500	2.2176	2.2271	241740400	538906432
20121106	000000	2.2319	2.2338	2.1870	2.2185	311847808	688369472
20121107	000000	2.2147	2.2319	2.2042	2.2166	310063008	687100096
20121108	000000	2.2023	2.2052	2.1756	2.1765	350699104	769084672
20121109	000000	2.1727	2.1813	2.1660	2.1708	302511008	657550656
20121112	000000	2.1727	2.1851	2.1613	2.1784	324962304	706641984
20121113	000000	2.1784	2.1784	2.1403	2.1450	389247296	838268928
20121114	000000	2.1479	2.1536	2.1412	2.1508	321638304	690348800
20121115	000000	2.1422	2.1527	2.1231	2.1250	414774112	887281728
20121116	000000	2.1221	2.1231	2.0963	2.1049	415832704	875792064
20121119	000000	2.1040	2.1068	2.0839	2.1049	338625312	710675776
20121120	000000	2.1107	2.1145	2.0954	2.0992	302369696	636782976
20121121	000000	2.1002	2.1278	2.0868	2.1250	489243808	1031524160
20121122	000000	2.1116	2.1164	2.1002	2.1126	299881792	632868160
20121123	000000	2.1164	2.1336	2.1135	2.1240	416464288	883700864
20121126	000000	2.1202	2.1212	2.1030	2.1107	338070400	714826496
20121127	000000	2.1021	2.1059	2.0868	2.0878	369831104	775845440
20121128	000000	2.0830	2.0830	2.0620	2.0648	355128096	735923840
20121129	000000	2.0696	2.0744	2.0563	2.0572	379022592	783051904
20121130	000000	2.0524	2.0734	2.0496	2.0668	416837408	858264448
20121203	000000	2.0696	2.0811	2.0457	2.0477	306158688	633049600
20121204	000000	2.0429	2.0677	2.0410	2.0639	399300096	818642944
20121205	000000	2.0629	2.1498	2.0601	2.1364	619519616	1309397760
20121206	000000	2.1374	2.1441	2.1250	2.1336	423682112	904443328
20121207	000000	2.1336	2.1832	2.1317	2.1765	577485504	1246486272
20121210	000000	2.1889	2.2023	2.1813	2.1966	497570912	1089536128
20121211	000000	2.1880	2.2014	2.1842	2.1899	325695392	713617728
20121212	000000	2.1918	2.2014	2.1823	2.1947	469480000	1028014720
20121213	000000	2.1861	2.1928	2.1756	2.1775	333202592	727182784
20121214	000000	2.1756	2.2911	2.1756	2.2873	574047488	1287316096
20121217	000000	2.2892	2.2987	2.2834	2.2940	475098112	1089296256
20121218	000000	2.2940	2.3298	2.2746	2.2901	446311296	1026424960
20121219	000000	2.2891	2.3104	2.2843	2.2959	324552896	744724864
20121220	000000	2.2881	2.3211	2.2765	2.3114	491279008	1125689984
20121221	000000	2.3191	2.3356	2.2901	2.3017	419359392	968898752
20121224	000000	2.3007	2.3211	2.2959	2.3036	508316704	1172805248
20121225	000000	2.2959	2.3801	2.2920	2.3675	477178112	1117766144
20121226	000000	2.3636	2.3762	2.3627	2.3743	372002912	881648192
20121227	000000	2.3859	2.4014	2.3685	2.3694	401730304	955121408
20121228	000000	2.3762	2.4062	2.3694	2.4043	515708512	1228831744
20121231	000000	2.4120	2.4478	2.4120	2.4430	770294400	1872398848
20130104	000000	2.4720	2.4779	2.4188	2.4488	536470688	1314832512
20130107	000000	2.4411	2.4624	2.4353	2.4527	414827904	1014926656
20130108	000000	2.4517	2.4575	2.4227	2.4420	400097216	976126272
20130109	000000	2.4382	2.4527	2.4237	2.4401	439988288	1073576256
20130110	000000	2.4411	2.4711	2.4295	2.4459	455624992	1116650496
20130111	000000	2.4527	2.4585	2.3985	2.4091	584704384	1419354880
20130114	000000	2.4091	2.5050	2.4024	2.4943	747183296	1833651456
20130115	000000	2.4962	2.5195	2.4953	2.5088	490207712	1227649152
20130116	000000	2.5079	2.5127	2.4546	2.4904	496065696	1231580800
20130117	000000	2.4866	2.4914	2.4556	2.4750	439093504	1086974080
20130118	000000	2.4904	2.5262	2.4701	2.5117	461440000	1152822400
20130121	000000	2.5166	2.5253	2.4972	2.5204	411287904	1033900224
20130122	000000	2.5156	2.5321	2.4943	2.5166	769514112	1938119168
20130123	000000	2.5156	2.5262	2.4972	2.5214	417925792	1049673664
20130124	000000	2.5214	2.5805	2.4856	2.5050	787351424	1990181248
20130125	000000	2.5050	2.5079	2.4904	2.4933	572244672	1429253760
20130128	000000	2.5001	2.5621	2.5001	2.5611	563554304	1429054976
20130129	000000	2.5640	2.5930	2.5601	2.5805	782680320	2014792192
20130130	000000	2.5872	2.5969	2.5756	2.5950	538504832	1394373888
20130131	000000	2.6056	2.6105	2.5843	2.6017	692757120	1796983936
20130201	000000	2.5930	2.6569	2.5853	2.6521	539815296	1411927680
20130204	000000	2.6598	2.6743	2.6443	2.6569	424756416	1129820672
20130205	000000	2.6443	2.6908	2.6424	2.6763	735651712	1962051712
20130206	000000	2.6782	2.6908	2.6753	2.6840	462688000	1240755328
20130207	000000	2.6811	2.6840	2.6376	2.6714	608742592	1621702272
20130208	000000	2.6782	2.6976	2.6608	2.6801	629626624	1687789056
20130218	000000	2.6860	2.6889	2.6347	2.6405	696787520	1855309568
20130219	000000	2.6424	2.6472	2.5853	2.5979	541152128	1411411840
20130220	000000	2.5988	2.6105	2.5824	2.6095	461017600	1197047168
20130221	000000	2.5843	2.5843	2.4933	2.5166	732156480	1855183744
20130222	000000	2.5195	2.5272	2.5040	2.5088	410754688	1035017024
20130225	000000	2.5156	2.5417	2.4991	2.5127	547550912	1377851136
20130226	000000	2.4972	2.5408	2.4711	2.4759	792972416	1992935040
20130227	000000	2.4866	2.5262	2.4827	2.4991	468323104	1171220608
20130228	000000	2.5224	2.5872	2.5069	2.5834	613332608	1561625088
20130301	000000	2.5834	2.5911	2.5350	2.5805	427679616	1097565440
20130304	000000	2.5475	2.5495	2.4459	2.4585	740008320	1849398528
20130305	000000	2.4633	2.5321	2.4595	2.5292	541403520	1348566016
20130306	000000	2.5466	2.5727	2.5301	2.5563	595809600	1519018112
20130307	000000	2.5456	2.5650	2.5011	2.5253	790946496	2011743488
20130308	000000	2.5408	2.5446	2.5146	2.5214	549520128	1389141376
20130311	000000	2.5040	2.5233	2.4846	2.5040	355399712	890172416
20130312	000000	2.5040	2.5311	2.4440	2.4682	530313504	1321958272
20130313	000000	2.4643	2.4672	2.4285	2.4411	442104096	1082943872
20130314	000000	2.4285	2.4604	2.4246	2.4459	443976192	1085479936
20130315	000000	2.4517	2.5204	2.4198	2.4478	502798688	1237748992
20130318	000000	2.4411	2.4624	2.4198	2.4217	425210912	1035387328
20130319	000000	2.4256	2.4508	2.4101	2.4430	433715008	1053807424
20130320	000000	2.4440	2.5195	2.4440	2.5175	588856832	1463453184
20130321	000000	2.5233	2.5379	2.5127	2.5243	360687104	911322496
20130322	000000	2.5253	2.5398	2.5146	2.5311	363082688	917504384
20130325	000000	2.5408	2.5534	2.5166	2.5272	342852000	868079232
20130326	000000	2.5146	2.5195	2.4633	2.4856	574642176	1428114176
20130327	000000	2.4875	2.5253	2.4769	2.4914	444545216	1111417984
20130328	000000	2.4556	2.4556	2.4101	2.4140	406669408	986085824
20130329	000000	2.4217	2.4266	2.4004	2.4072	323243200	780171200
20130401	000000	2.3985	2.4246	2.3975	2.4033	330908992	796595776
20130402	000000	2.4091	2.4420	2.3907	2.4072	372563904	898939712
20130403	000000	2.4149	2.4285	2.3927	2.4024	316815488	763516224
20130408	000000	2.3714	2.3946	2.3549	2.3907	331943488	788186368
20130409	000000	2.3975	2.4285	2.3975	2.4053	487022784	1174137216
20130410	000000	2.4053	2.4111	2.3898	2.4053	232247104	558036416
20130411	000000	2.4275	2.4314	2.3936	2.3946	217025104	522736096
20130412	000000	2.3965	2.4053	2.3840	2.3869	209034496	500245376
20130415	000000	2.3811	2.3859	2.3549	2.3627	273559904	646350208
20130416	000000	2.3511	2.3811	2.3433	2.3772	408243712	961191040
20130417	000000	2.3762	2.3849	2.3607	2.3830	415677088	985850368
20130418	000000	2.3607	2.4062	2.3598	2.3878	411305088	980024576
20130419	000000	2.3917	2.4662	2.3907	2.4556	590539520	1433944576
20130422	000000	2.4537	2.4604	2.4391	2.4478	231074000	565598208
20130423	000000	2.4478	2.4478	2.3685	2.3733	310669792	743978240
20130424	000000	2.3743	2.4333	2.3685	2.4140	313392096	752197568
20130425	000000	2.4033	2.4285	2.3762	2.3888	297832384	715220416
20130426	000000	2.3995	2.4082	2.3559	2.3665	186528704	444320480
20130502	000000	2.3491	2.3714	2.3404	2.3685	214070208	504685696
20130503	000000	2.3791	2.4430	2.3743	2.4111	334474688	807613248
20130506	000000	2.4198	2.4517	2.4188	2.4391	235982000	574995840
20130507	000000	2.4372	2.4566	2.4227	2.4449	285526208	696850432
20130508	000000	2.4614	2.4846	2.4498	2.4604	299725184	738609024
20130509	000000	2.4566	2.4624	2.4275	2.4478	189555008	463479072
20130510	000000	2.4372	2.4653	2.4362	2.4575	283255296	693627712
20130513	000000	2.4595	2.4672	2.4324	2.4478	198740304	486210912
20130514	000000	2.4430	2.4469	2.3936	2.4120	264656304	638933184
20130515	000000	2.4130	2.4246	2.4101	2.4237	192789296	465862848
20130516	000000	2.4188	2.4740	2.4072	2.4730	412931392	1009115648
20130517	000000	2.4730	2.5195	2.4653	2.5156	477481088	1189350912
20130520	000000	2.5224	2.5475	2.5127	2.5301	282560704	714188992
20130521	000000	2.5311	2.5350	2.5156	2.5301	203448096	513914016
20130522	000000	2.5330	2.5456	2.5233	2.5330	193631504	490731840
20130523	000000	2.5175	2.5437	2.4962	2.5059	290075584	730962496
20130524	000000	2.5166	2.5340	2.4885	2.5195	407363200	1023254144
20130527	000000	2.5137	2.5282	2.5040	2.5137	291601888	733732160
20130528	000000	2.5146	2.5669	2.5030	2.5659	349158208	881876608
20130529	000000	2.5717	2.5814	2.5563	2.5572	389543808	1001216448
20130530	000000	2.5572	2.5621	2.5388	2.5504	567470016	1448884352
20130531	000000	2.5514	2.5601	2.5166	2.5214	544086400	1383613824
20130603	000000	2.5253	2.5475	2.5185	2.5262	319907200	809518464
20130604	000000	2.5233	2.5243	2.4817	2.4895	443629408	1109214208
20130605	000000	2.4885	2.4943	2.4740	2.4827	225450000	560147968
20130606	000000	2.4750	2.4856	2.4566	2.4585	263805792	652120384
20130607	000000	2.4595	2.4662	2.4024	2.4140	394762112	958040064
20130613	000000	2.3782	2.3782	2.3143	2.3394	617468672	1441195776
20130614	000000	2.3462	2.3627	2.3336	2.3559	391245408	919528192
20130617	000000	2.3646	2.3685	2.3375	2.3414	307743296	722835008
20130618	000000	2.3472	2.3636	2.3307	2.3569	373895392	878811904
20130619	000000	2.3472	2.3472	2.3075	2.3433	286444896	667289472
20130620	000000	2.3278	2.3298	2.2649	2.2698	371264384	855598016
20130621	000000	2.2320	2.2727	2.2204	2.2591	357953216	805704512
20130624	000000	2.2465	2.2485	2.1130	2.1207	766755520	1660778624
20130625	000000	2.0955	2.1236	1.9745	2.1217	967825024	2009431040
20130626	000000	2.1217	2.1284	2.0829	2.1168	509000800	1071462592
20130627	000000	2.1313	2.1536	2.1120	2.1178	475080384	1011645248
20130628	000000	2.1352	2.1894	2.1004	2.1565	497637888	1067472192
20130701	000000	2.1333	2.1701	2.1197	2.1652	222531200	477738368
20130702	000000	2.1643	2.1778	2.1430	2.1720	451480896	976341504
20130703	000000	2.1662	2.1681	2.1255	2.1672	301740992	648781440
20130704	000000	2.1507	2.2068	2.1371	2.1826	299188416	649635584
20130705	000000	2.1875	2.2126	2.1817	2.1904	187479696	411513600
20130708	000000	2.1604	2.1701	2.1255	2.1313	166016288	355821024
20130709	000000	2.1294	2.1401	2.1188	2.1265	425990304	907093120
20130710	000000	2.1265	2.1865	2.1207	2.1855	252836496	546042816
20130711	000000	2.2068	2.3336	2.2020	2.2949	416325792	946043200
20130712	000000	2.2920	2.3007	2.2368	2.2378	594163712	1355092608
20130715	000000	2.2523	2.3056	2.2407	2.2698	404845088	918853824
20130716	000000	2.2610	2.2843	2.2446	2.2833	472311008	1068024320
20130717	000000	2.2765	2.2949	2.2456	2.2494	306878688	695523712
20130718	000000	2.2417	2.2485	2.2049	2.2146	360186304	801228032
20130719	000000	2.2155	2.2281	2.1526	2.1536	412488288	905482880
20130722	000000	2.1294	2.1730	2.1120	2.1672	373752000	804811456
20130723	000000	2.1749	2.2514	2.1749	2.2349	389294016	864704960
20130724	000000	2.2310	2.2330	2.1846	2.2185	372697984	824370688
20130725	000000	2.2310	2.2456	2.1981	2.2126	324023104	719894080
20130726	000000	2.1972	2.2107	2.1788	2.1923	235180400	516036032
20130729	000000	2.1730	2.1730	2.1439	2.1497	307721696	663752704
20130730	000000	2.1662	2.1981	2.1410	2.1623	243635600	527465504
20130731	000000	2.1807	2.2126	2.1604	2.1672	247448096	539681856
20130801	000000	2.1875	2.2252	2.1768	2.2243	314443904	693317056
20130802	000000	2.2485	2.2543	2.2155	2.2204	282411488	630811264
20130805	000000	2.2262	2.2543	2.2136	2.2523	227532992	508049280
20130806	000000	2.2417	2.2794	2.2262	2.2668	300248000	675591168
20130807	000000	2.2649	2.2891	2.2465	2.2514	256764896	582789312
20130808	000000	2.2523	2.2746	2.2407	2.2523	300777792	678466240
20130809	000000	2.2630	2.2775	2.2281	2.2620	287577504	649035392
20130812	000000	2.2833	2.3317	2.2688	2.3298	520617312	1196282624
20130813	000000	2.3288	2.3327	2.3133	2.3298	334954400	778516480
20130814	000000	2.3336	2.3617	2.3133	2.3249	398834304	932380480
20130815	000000	2.3230	2.3336	2.2930	2.2978	297378208	689309440
20130816	000000	2.2910	2.3762	2.2668	2.2814	601993600	1392708608
20130819	000000	2.2727	2.3162	2.2591	2.3007	392391712	895482176
20130820	000000	2.2988	2.3249	2.2746	2.2843	441631488	1015179712
20130821	000000	2.2940	2.2998	2.2620	2.2843	268007296	610941696
20130822	000000	2.2794	2.3056	2.2736	2.2765	315620512	722495680
20130823	000000	2.2891	2.2969	2.2272	2.2620	427694304	971799680
20130826	000000	2.2668	2.3133	2.2591	2.3123	438599904	1004327168
20130827	000000	2.3075	2.3181	2.2930	2.3123	406253408	936510528
20130828	000000	2.2959	2.3201	2.2775	2.3017	331721504	762387712
20130829	000000	2.3133	2.3172	2.2804	2.2949	296974912	682109056
20130830	000000	2.2891	2.3075	2.2746	2.2910	327918688	751709952
20130902	000000	2.2959	2.3036	2.2746	2.2930	384055712	879109056
20130903	000000	2.2988	2.3278	2.2978	2.3278	307987200	712848832
20130904	000000	2.3240	2.3298	2.3201	2.3269	369561696	859174592
20130905	000000	2.3259	2.3259	2.3085	2.3172	276375616	640400832
20130906	000000	2.3123	2.3346	2.3123	2.3307	392820896	912017664
20130909	000000	2.3414	2.4227	2.3414	2.4169	464299296	1105108352
20130910	000000	2.4169	2.4537	2.4120	2.4488	399759200	968311680
20130911	000000	2.4633	2.4730	2.4488	2.4595	380187392	936452032
20130912	000000	2.4566	2.5021	2.4478	2.4837	456058208	1126003584
20130913	000000	2.4798	2.4875	2.4575	2.4653	268187696	662998784
20130916	000000	2.4779	2.4808	2.4430	2.4527	371518688	912955456
20130917	000000	2.4517	2.4537	2.4024	2.4043	305384000	741627264
20130918	000000	2.4043	2.4111	2.3811	2.4072	251206704	603255104
20130923	000000	2.4111	2.4478	2.4111	2.4411	392660992	953622848
20130924	000000	2.4411	2.4411	2.3907	2.4178	312518112	754935808
20130925	000000	2.4159	2.4285	2.4004	2.4033	221158304	534310432
20130926	000000	2.3946	2.3965	2.3588	2.3636	279475104	663852992
20130927	000000	2.3598	2.3762	2.3569	2.3724	224889600	532396000
20130930	000000	2.3791	2.4072	2.3733	2.3878	208840992	497484224
20131008	000000	2.3636	2.4237	2.3636	2.4217	313791104	752178560
20131009	000000	2.4101	2.4246	2.4043	2.4246	272549696	658395712
20131010	000000	2.4285	2.4295	2.3985	2.4033	275537984	664997760
20131011	000000	2.4140	2.4478	2.4120	2.4420	349897216	850961920
20131014	000000	2.4469	2.4527	2.4353	2.4430	353637792	864037056
20131015	000000	2.4469	2.4488	2.4217	2.4401	241241408	588281984
20131016	000000	2.4304	2.4333	2.3878	2.3975	271920384	653374912
20131017	000000	2.4091	2.4130	2.3840	2.3849	198492096	476181344
20131018	000000	2.3859	2.4082	2.3840	2.3965	255071200	611172544
20131021	000000	2.4014	2.4508	2.3936	2.4478	341988000	827931904
20131022	000000	2.4469	2.4469	2.4120	2.4207	287684000	698280960
20131023	000000	2.4237	2.4488	2.3869	2.3946	304331392	734241344
20131024	000000	2.3917	2.3975	2.3714	2.3753	230574704	549571968
20131025	000000	2.3762	2.3849	2.3240	2.3375	248884304	586284288
20131028	000000	2.3453	2.3520	2.3278	2.3404	209276896	489556096
20131029	000000	2.3443	2.3801	2.3056	2.3433	475069312	1112680832
20131030	000000	2.3462	2.3782	2.3385	2.3762	324584000	765581568
20131031	000000	2.3704	2.3704	2.3443	2.3530	175313904	413124640
20131101	000000	2.3549	2.3714	2.3433	2.3627	282624704	665424832
20131104	000000	2.3724	2.3820	2.3501	2.3559	200060704	472556256
20131105	000000	2.3472	2.3607	2.3201	2.3559	282530304	662522048
20131106	000000	2.3482	2.3569	2.3249	2.3288	228948304	536050080
20131107	000000	2.3288	2.3307	2.3065	2.3191	205267696	475988736
20131108	000000	2.3123	2.3191	2.2794	2.2843	265641296	610608064
20131111	000000	2.2814	2.2959	2.2678	2.2872	212223200	484382368
20131112	000000	2.2949	2.3162	2.2891	2.3104	256512400	590954496
20131113	000000	2.2988	2.2988	2.2659	2.2668	247824704	564619776
20131114	000000	2.2668	2.2765	2.2572	2.2736	238237504	540206464
20131115	000000	2.2833	2.3511	2.2814	2.3211	546214272	1264838656
20131118	000000	2.3394	2.3985	2.3307	2.3975	378773312	894368704
20131119	000000	2.3936	2.3995	2.3820	2.3869	265440992	634018496
20131120	000000	2.4043	2.4101	2.3791	2.3975	370288288	884648640
20131121	000000	2.3869	2.3917	2.3598	2.3859	339118112	804922560
20131122	000000	2.3888	2.3956	2.3665	2.3724	355556000	846807872
20131125	000000	2.3598	2.3927	2.3520	2.3598	391438208	928565312
20131126	000000	2.3607	2.3714	2.3511	2.3588	260952096	616641280
20131127	000000	2.3578	2.3995	2.3530	2.3859	438060704	1041112128
20131128	000000	2.3927	2.4362	2.3907	2.4111	434859392	1050485568
20131129	000000	2.4140	2.4198	2.4053	2.4130	245575808	592384896
20131202	000000	2.4043	2.4353	2.3704	2.3907	533878912	1280816640
20131203	000000	2.3869	2.4207	2.3830	2.4120	399462784	958639104
20131204	000000	2.4159	2.4575	2.4101	2.4430	559342016	1365493888
20131205	000000	2.4440	2.4498	2.4343	2.4430	356731008	871765184
20131206	000000	2.4382	2.4401	2.4188	2.4266	461758688	1121087488
20131209	000000	2.4372	2.4440	2.4198	2.4256	399046496	968753664
20131210	000000	2.4275	2.4382	2.4188	2.4246	332314400	806404800
20131211	000000	2.4130	2.4130	2.3724	2.3869	414481792	992446720
20131212	000000	2.3859	2.3936	2.3791	2.3820	297476288	709650816
20131213	000000	2.3607	2.3917	2.3549	2.3811	311276896	739651776
20131216	000000	2.3830	2.3869	2.3394	2.3423	360866912	851912704
20131217	000000	2.3423	2.3443	2.3240	2.3278	396672000	926302976
20131218	000000	2.3298	2.3394	2.3259	2.3298	301511104	703101440
20131219	000000	2.3365	2.3414	2.3065	2.3075	429050304	997327168
20131220	000000	2.3094	2.3104	2.2523	2.2581	459476608	1046468096
20131223	000000	2.2581	2.2698	2.2330	2.2581	259802208	585596672
20131224	000000	2.2659	2.2881	2.2388	2.2610	263476400	596871808
20131225	000000	2.2649	2.2814	2.2552	2.2727	324684800	735776000
20131226	000000	2.2698	2.2717	2.2349	2.2417	192218592	432788704
20131227	000000	2.2427	2.2901	2.2417	2.2717	356471200	807625984
20131230	000000	2.2843	2.2843	2.2639	2.2736	199941200	454579040
20131231	000000	2.2601	2.3027	2.2552	2.2998	352736288	804678208
20140102	000000	2.2930	2.2988	2.2804	2.2920	187779696	429858880
20140103	000000	2.2823	2.2843	2.2514	2.2668	440444512	996998784
20140106	000000	2.2601	2.2601	2.2068	2.2126	483408896	1071447808
20140107	000000	2.1972	2.2214	2.1923	2.2136	152588816	337041248
20140108	000000	2.2136	2.2349	2.1991	2.2117	205054304	454581920
20140109	000000	2.2068	2.2320	2.1962	2.1981	337128800	744497152
20140110	000000	2.1962	2.2001	2.1768	2.1826	370178112	808156864
20140113	000000	2.1826	2.1952	2.1584	2.1672	488482112	1060672128
20140114	000000	2.1672	2.1884	2.1536	2.1817	250925904	544446016
20140115	000000	2.1807	2.1846	2.1633	2.1817	333988416	726375552
20140116	000000	2.1778	2.1981	2.1720	2.1826	200102400	437051648
20140117	000000	2.1759	2.1797	2.1507	2.1517	252391904	545189504
20140120	000000	2.1507	2.1546	2.1304	2.1410	229662096	492150848
20140121	000000	2.1470	2.1717	2.1440	2.1588	290263712	626982656
20140122	000000	2.1618	2.2192	2.1608	2.2182	379440192	834274240
20140123	000000	2.2152	2.2182	2.2014	2.2063	253686208	560371968
20140124	000000	2.1984	2.2311	2.1964	2.2182	270064192	597934400
20140127	000000	2.2024	2.2043	2.1816	2.1895	273112704	598475200
20140128	000000	2.1964	2.2083	2.1786	2.1915	240139600	525968160
20140129	000000	2.1974	2.2024	2.1915	2.1984	170158704	373855968
20140130	000000	2.1944	2.1984	2.1667	2.1677	274449408	598482688
20140207	000000	2.1499	2.1826	2.1460	2.1816	341727712	737901696
20140210	000000	2.1915	2.2469	2.1915	2.2449	638622080	1424243328
20140211	000000	2.2409	2.2657	2.2330	2.2558	288387904	648035392
20140212	000000	2.2568	2.2657	2.2489	2.2597	252528400	569582912
20140213	000000	2.2548	2.2736	2.2508	2.2538	281555808	636339328
20140214	000000	2.2558	2.2627	2.2489	2.2617	164713216	371437312
20140217	000000	2.2835	2.2874	2.2647	2.2776	197199296	448495936
20140218	000000	2.2785	2.2785	2.2449	2.2508	293698592	663434048
20140219	000000	2.2489	2.2874	2.2459	2.2805	337167808	764518080
20140220	000000	2.2855	2.3023	2.2588	2.2607	201774800	460207552
20140221	000000	2.2597	2.2647	2.2251	2.2350	260337408	583833280
20140224	000000	2.2063	2.2123	2.1648	2.1846	269103488	588064064
20140225	000000	2.1855	2.1954	2.1242	2.1282	343520192	741387264
20140226	000000	2.1183	2.1331	2.1103	2.1311	417364896	885903936
20140227	000000	2.1371	2.1470	2.1242	2.1262	326482592	697132288
20140228	000000	2.1252	2.1549	2.1014	2.1479	339421088	721906432
20140303	000000	2.1450	2.1667	2.1361	2.1559	266361296	573223360
20140304	000000	2.1509	2.1559	2.1351	2.1509	187974896	403408352
20140305	000000	2.1569	2.1598	2.1291	2.1321	393816896	844266752
20140306	000000	2.1301	2.1499	2.1064	2.1430	412769888	879766144
20140307	000000	2.1420	2.1569	2.1321	2.1361	243954000	523212800
20140310	000000	2.1163	2.1163	2.0668	2.0698	270346112	565954112
20140311	000000	2.0688	2.0955	2.0619	2.0787	286287616	594093056
20140312	000000	2.0708	2.0995	2.0668	2.0807	264660496	550414400
20140313	000000	2.0886	2.1183	2.0836	2.1133	224771696	472681792
20140314	000000	2.0985	2.1084	2.0856	2.0955	112616272	236250656
20140317	000000	2.1123	2.1163	2.0925	2.1113	137290432	289032224
20140318	000000	2.1133	2.1222	2.1074	2.1094	94671000	200124192
20140319	000000	2.1024	2.1024	2.0757	2.0965	151842752	317060128
20140320	000000	2.0965	2.1103	2.0589	2.0599	285252704	595481856
20140321	000000	2.0579	2.1390	2.0510	2.1361	404680704	848250176
20140324	000000	2.1331	2.1569	2.1212	2.1460	308131712	658912576
20140325	000000	2.1390	2.1648	2.1351	2.1430	264154704	567571584
20140326	000000	2.1499	2.1549	2.1361	2.1430	158773264	340613312
20140327	000000	2.1371	2.1588	2.1173	2.1282	356680288	760886848
20140328	000000	2.1282	2.1440	2.1163	2.1272	200482000	427117504
20140331	000000	2.1321	2.1400	2.1034	2.1183	237653504	504694464
20140401	000000	2.1163	2.1460	2.1123	2.1301	170695600	363342592
20140402	000000	2.1331	2.1529	2.1311	2.1470	162397152	347888928
20140403	000000	2.1569	2.1658	2.1311	2.1321	326947200	704203456
20140404	000000	2.1291	2.1578	2.1252	2.1578	188558704	403713088
20140408	000000	2.1519	2.2162	2.1489	2.2093	371792992	813701632
20140409	000000	2.2132	2.2172	2.1994	2.2053	268865600	593834112
20140410	000000	2.2093	2.2627	2.1964	2.2409	475451200	1056364416
20140411	000000	2.2439	2.2508	2.2291	2.2400	306707712	686984768
20140414	000000	2.2400	2.2459	2.2271	2.2390	213490704	477140512
20140415	000000	2.2291	2.2291	2.1944	2.1994	226215008	500280416
20140416	000000	2.1994	2.2172	2.1895	2.1994	307027296	676541824
20140417	000000	2.2053	2.2113	2.1905	2.1954	196607296	432415040
20140418	000000	2.1855	2.2004	2.1677	2.1915	343995488	750722944
20140421	000000	2.1766	2.2014	2.1509	2.1519	379847296	830058048
20140422	000000	2.1519	2.1687	2.1351	2.1667	455119296	979959360
20140423	000000	2.1578	2.1707	2.1539	2.1608	342666688	741027328
20140424	000000	2.1608	2.1796	2.1578	2.1648	337468288	731220672
20140425	000000	2.1697	2.1717	2.1371	2.1381	435385600	938953216
20140428	000000	2.1371	2.1440	2.1064	2.1084	507055296	1074220672
20140429	000000	2.1084	2.1321	2.1054	2.1272	438766912	927707904
20140430	000000	2.1252	2.1311	2.1202	2.1262	297696288	632759168
20140505	000000	2.1193	2.1361	2.0985	2.1272	478049696	1009480128
20140506	000000	2.1252	2.1460	2.1173	2.1242	402584192	857763904
20140507	000000	2.1193	2.1242	2.1084	2.1103	280843392	594376896
20140508	000000	2.1074	2.1440	2.1034	2.1064	303828800	643826368
20140509	000000	2.1133	2.1163	2.0945	2.1054	314889792	663249728
20140512	000000	2.1193	2.1549	2.1113	2.1479	389626304	832552128
20140513	000000	2.1479	2.1529	2.1361	2.1420	239676800	514377536
20140514	000000	2.1430	2.1549	2.1400	2.1420	267601200	574188224
20140515	000000	2.1410	2.1430	2.1183	2.1183	370460000	789579584
20140516	000000	2.1173	2.1262	2.1084	2.1173	507299296	1074675712
20140519	000000	2.1133	2.1133	2.0787	2.0886	531449600	1109830912
20140520	000000	2.0975	2.1054	2.0826	2.0866	291171808	609753088
20140521	000000	2.0817	2.1113	2.0698	2.1064	529215808	1107859712
20140522	000000	2.1074	2.1371	2.0995	2.1005	456222784	966756736
20140523	000000	2.1044	2.1262	2.1024	2.1242	359852288	759634752
20140526	000000	2.1361	2.1470	2.1193	2.1311	465900992	992123136
20140527	000000	2.1291	2.1371	2.1212	2.1242	387724608	825757120
20140528	000000	2.1252	2.1470	2.1143	2.1460	445464192	948415872
20140529	000000	2.1489	2.1539	2.1331	2.1331	395406784	847722560
20140530	000000	2.1331	2.1440	2.1232	2.1311	453652288	967884416
20140603	000000	2.1341	2.1430	2.1242	2.1242	388003008	828702528
20140604	000000	2.1242	2.1242	2.0955	2.1054	408048384	859632896
20140605	000000	2.1054	2.1311	2.1034	2.1301	430206592	908851200
20140606	000000	2.1282	2.1291	2.0985	2.1123	449088000	949224832
20140609	000000	2.1064	2.1341	2.1024	2.1103	467411392	989560000
20140610	000000	2.1193	2.1400	2.1113	2.1390	663983616	1412414976
20140611	000000	2.1351	2.1390	2.1272	2.1351	321844000	686916992
20140612	000000	2.1301	2.1400	2.1282	2.1331	251541408	536618880
20140613	000000	2.1321	2.1648	2.1301	2.1569	621326592	1336110080
20140616	000000	2.1578	2.1796	2.1569	2.1707	688117632	1490531328
20140617	000000	2.1658	2.1658	2.1529	2.1529	675631424	1458055680
20140618	000000	2.1529	2.1578	2.1420	2.1430	709753600	1525957120
20140619	000000	2.1440	2.1489	2.1044	2.1123	688416192	1465431680
20140620	000000	2.1133	2.1242	2.1094	2.1202	653308928	1383512064
20140623	000000	2.1222	2.1341	2.1163	2.1173	552341696	1173245056
20140624	000000	2.1173	2.1361	2.1173	2.1351	443685312	942936320
20140625	000000	2.1331	2.1331	2.1173	2.1282	320263104	680202688
20140626	000000	2.1291	2.1440	2.1291	2.1381	407707584	871924672
20140627	000000	2.1341	2.1559	2.1301	2.1420	470226400	1005580352
20140630	000000	2.1479	2.1638	2.1479	2.1559	528653504	1139651968
20140701	000000	2.1648	2.1667	2.1489	2.1569	266958592	575581376
20140702	000000	2.1578	2.1667	2.1489	2.1667	343222304	741000896
20140703	000000	2.1667	2.1826	2.1618	2.1747	363274688	789262464
20140704	000000	2.1747	2.1786	2.1677	2.1747	325994208	708470848
20140707	000000	2.1727	2.1816	2.1667	2.1727	305804800	664695168
20140708	000000	2.1677	2.1756	2.1608	2.1756	329116896	713864256
20140709	000000	2.1747	2.1766	2.1460	2.1479	363703392	787075200
20140710	000000	2.1489	2.1519	2.1410	2.1460	333775712	716830784
20140711	000000	2.1460	2.1618	2.1440	2.1519	389022400	837757056
20140714	000000	2.1569	2.1826	2.1519	2.1816	570772416	1234833664
20140715	000000	2.1776	2.1816	2.1727	2.1786	353615200	770276480
20140716	000000	2.1796	2.1895	2.1766	2.1776	474828000	1036293376
20140717	000000	2.1776	2.1786	2.1598	2.1687	362417312	786032064
20140718	000000	2.1658	2.1895	2.1638	2.1796	368558112	802788992
20140721	000000	2.1796	2.1836	2.1717	2.1786	322819296	703109056
20140722	000000	2.1766	2.2142	2.1727	2.2043	625600768	1375582208
20140723	000000	2.2053	2.2241	2.2024	2.2083	518659904	1146801024
20140724	000000	2.2132	2.2568	2.2132	2.2558	573897472	1286042240
20140725	000000	2.2607	2.2835	2.2558	2.2815	487704000	1103648512
20140728	000000	2.2855	2.3557	2.2855	2.3429	837514816	1952415872
20140729	000000	2.3438	2.3626	2.3340	2.3488	426583008	1000754432
20140730	000000	2.3389	2.3587	2.3379	2.3409	607940224	1426641152
20140731	000000	2.3409	2.3735	2.3359	2.3725	486189888	1142698624
20140801	000000	2.3666	2.3943	2.3429	2.3438	779007808	1846593664
20140804	000000	2.3547	2.3963	2.3527	2.3943	636027200	1510716672
20140805	000000	2.3953	2.3973	2.3715	2.3874	612830400	1460466944
20140806	000000	2.3706	2.3854	2.3498	2.3725	631365504	1495140096
20140807	000000	2.3795	2.3824	2.3438	2.3468	557537792	1318400384
20140808	000000	2.3478	2.3597	2.3399	2.3478	497675904	1169291648
20140811	000000	2.3587	2.3864	2.3527	2.3805	494497408	1173084160
20140812	000000	2.3745	2.3745	2.3597	2.3706	525301504	1243532032
20140813	000000	2.3765	2.3864	2.3527	2.3775	566016000	1340072832
20140814	000000	2.3755	2.3805	2.3488	2.3488	536493600	1269148544
20140815	000000	2.3527	2.3894	2.3508	2.3785	575906112	1364442240
20140818	000000	2.3805	2.3963	2.3755	2.3864	638563072	1522577792
20140819	000000	2.3903	2.3923	2.3715	2.3884	495174400	1181705216
20140820	000000	2.3874	2.3913	2.3765	2.3795	534522912	1273463808
20140821	000000	2.3795	2.3824	2.3557	2.3706	506540288	1198775424
20140822	000000	2.3696	2.3864	2.3676	2.3824	491312000	1167029120
20140825	000000	2.3854	2.3864	2.3567	2.3617	437576800	1036486592
20140826	000000	2.3547	2.3676	2.3369	2.3468	455347008	1072480064
20140827	000000	2.3448	2.3537	2.3429	2.3458	451245888	1059936320
20140828	000000	2.3468	2.3508	2.3320	2.3349	547851008	1283160576
20140829	000000	2.3349	2.3597	2.3349	2.3577	442693792	1037735488
20140901	000000	2.3577	2.3706	2.3547	2.3686	525547008	1241445632
20140902	000000	2.3706	2.4101	2.3646	2.4042	732885504	1742752256
20140903	000000	2.4111	2.4349	2.4101	2.4270	517064992	1254017536
20140904	000000	2.4299	2.4507	2.4240	2.4497	431259808	1050225664
20140905	000000	2.4576	2.4774	2.4507	2.4735	640741184	1578207744
20140909	000000	2.4744	2.4754	2.4586	2.4675	396232512	977615104
20140910	000000	2.4507	2.4547	2.4398	2.4517	531051104	1300528000
20140911	000000	2.4517	2.4873	2.4309	2.4378	722265728	1773231232
20140912	000000	2.4378	2.4576	2.4289	2.4576	511638496	1249148928
20140915	000000	2.4438	2.4556	2.4349	2.4507	656473408	1605151616
20140916	000000	2.4596	2.4636	2.4052	2.4082	625985280	1530354816
20140917	000000	2.4190	2.4230	2.4022	2.4161	516564288	1247204864
20140918	000000	2.4141	2.4309	2.4062	2.4260	846279424	2048480768
20140919	000000	2.4260	2.4537	2.4230	2.4457	721865600	1757722496
20140922	000000	2.4378	2.4378	2.3903	2.3943	631035072	1521934336
20140923	000000	2.3973	2.4230	2.3973	2.4190	664295616	1601656320
20140924	000000	2.4091	2.4705	2.4022	2.4655	1053045888	2572546048
20140925	000000	2.4735	2.4873	2.4457	2.4527	1176657664	2906715648
20140926	000000	2.4527	2.4596	2.4359	2.4537	701404224	1717892992
20140929	000000	2.4527	2.4665	2.4487	2.4645	730241024	1795665408
20140930	000000	2.4636	2.4725	2.4556	2.4645	585316800	1442623232
20141008	000000	2.4715	2.4932	2.4576	2.4913	815529728	2018321536
20141009	000000	2.4952	2.5021	2.4784	2.4923	612416128	1526985984
20141010	000000	2.4794	2.4942	2.4705	2.4804	697442688	1731921536
20141013	000000	2.4695	2.4725	2.4408	2.4665	689352576	1692628224
20141014	000000	2.4645	2.4784	2.4517	2.4576	713753984	1760360192
20141015	000000	2.4566	2.4784	2.4448	2.4735	503568992	1239343360
20141016	000000	2.4626	2.4923	2.4547	2.4645	590780800	1461273472
20141017	000000	2.4645	2.4705	2.4299	2.4537	726013824	1779133696
20141020	000000	2.4586	2.4655	2.4527	2.4645	526768288	1296616448
20141021	000000	2.4645	2.4715	2.4467	2.4487	547902208	1347438464
20141022	000000	2.4487	2.4596	2.4339	2.4349	609887616	1492025088
20141023	000000	2.4339	2.4388	2.4082	2.4091	775031104	1880740224
20141024	000000	2.4101	2.4180	2.4042	2.4072	581637888	1402501248
20141027	000000	2.3973	2.3973	2.3745	2.3844	644463616	1536517504
20141028	000000	2.3894	2.4329	2.3874	2.4319	708163904	1702928640
20141029	000000	2.4368	2.4774	2.4289	2.4626	909871680	2225000192
20141030	000000	2.4626	2.4833	2.4576	2.4774	842643072	2080023296
20141031	000000	2.4843	2.5298	2.4824	2.5269	732390592	1834557824
20141103	000000	2.5279	2.5338	2.5150	2.5219	613585024	1551101440
20141104	000000	2.5160	2.5249	2.5110	2.5200	577670080	1455026176
20141105	000000	2.5269	2.5328	2.5101	2.5170	550265216	1386076928
20141106	000000	2.5200	2.5249	2.4942	2.5180	725225728	1823505536
20141107	000000	2.5190	2.5546	2.5002	2.5130	826105408	2086385920
20141110	000000	2.5239	2.5843	2.5229	2.5833	677223488	1724062720
20141111	000000	2.5872	2.6100	2.5467	2.5665	869364992	2247554048
20141112	000000	2.5635	2.6050	2.5556	2.6041	557593728	1434746112
20141113	000000	2.6031	2.6120	2.5803	2.5892	1170138368	3035603200
20141114	000000	2.5823	2.5922	2.5694	2.5922	524787488	1354085248
20141117	000000	2.6219	2.6288	2.5813	2.5813	687792704	1787576192
20141118	000000	2.5803	2.5803	2.5477	2.5536	591856000	1516804992
20141119	000000	2.5526	2.5585	2.5397	2.5457	691531712	1763473792
20141120	000000	2.5388	2.5546	2.5279	2.5496	599367808	1523280256
20141121	000000	2.5496	2.6011	2.5407	2.5981	1030970816	2643715328
20141124	000000	2.6219	2.6911	2.6179	2.6723	1327766656	3520576000
20141125	000000	2.6684	2.7050	2.6634	2.7000	1274172160	3416541696
20141126	000000	2.7040	2.7307	2.7040	2.7297	1184224000	3216001024
20141127	000000	2.7376	2.7564	2.7267	2.7544	1418039936	3884517888
20141128	000000	2.7455	2.8395	2.7436	2.8197	1365134464	3771023872
20141201	000000	2.8286	2.8484	2.8148	2.8227	819286080	2322366208
20141202	000000	2.8197	2.9681	2.8079	2.9345	1407945856	4057147136
20141203	000000	2.9424	3.0334	2.9197	2.9662	1856214016	5525831680
20141204	000000	2.9968	3.1492	2.9761	3.1462	1786390016	5442588672
20141205	000000	3.1561	3.2056	3.0265	3.1274	1975922944	6161605120
20141208	000000	3.1017	3.2877	3.0760	3.2778	1662513664	5305196032
20141209	000000	3.2264	3.3985	2.9681	3.0968	1619628032	5291415040
20141210	000000	3.1621	3.2392	3.0602	3.2086	2357000960	7395242496
20141211	000000	3.1660	3.2422	3.1413	3.1739	1921122048	6136338432
20141212	000000	3.1908	3.2422	3.1611	3.1838	1344235264	4312996864
20141215	000000	3.1838	3.2333	3.1433	3.2204	1129179136	3588423936
20141216	000000	3.2185	3.3026	3.2056	3.2956	1641886464	5324166144
20141217	000000	3.3085	3.3589	3.2739	3.3520	2004302976	6659419136
20141218	000000	3.3540	3.3975	3.3283	3.3481	2241069056	7538048000
20141219	000000	3.3510	3.4064	3.2758	3.3975	2142953984	7179957248
20141222	000000	3.3975	3.4450	3.3629	3.3738	1869112960	6365714432
20141223	000000	3.3491	3.4173	3.2956	3.3055	1907357056	6406556160
20141224	000000	3.3055	3.3322	3.1680	3.2135	2090044032	6807247872
20141225	000000	3.2333	3.3342	3.2284	3.3303	1761011968	5750517760
20141226	000000	3.3322	3.4678	3.3243	3.4599	1796450048	6112278528
20141229	000000	3.5321	3.5568	3.3906	3.4430	2474509056	8629246976
20141230	000000	3.4460	3.4895	3.4134	3.4430	1347750400	4643645440
20141231	000000	3.4510	3.5469	3.4470	3.5360	1474861440	5162070016
20150105	000000	3.5657	3.6953	3.5509	3.6488	3075898112	11180578816
20150106	000000	3.6261	3.6686	3.5736	3.6241	1602342400	5807440384
20150107	000000	3.6063	3.6508	3.5865	3.6231	1704322048	6177227776
20150108	000000	3.6330	3.6429	3.5321	3.5440	1236136448	4414338048
20150109	000000	3.5341	3.6854	3.5044	3.5182	2078055040	7429114368
20150112	000000	3.5192	3.5420	3.4500	3.5074	1382650240	4843424256
20150113	000000	3.5044	3.5380	3.4747	3.5004	969740032	3403499520
20150114	000000	3.5074	3.5351	3.4529	3.4925	963163008	3374570752
20150115	000000	3.4925	3.5974	3.4668	3.5915	1311928064	4618396160
20150116	000000	3.6043	3.6459	3.5944	3.6231	1313395840	4751719424
20150119	000000	3.4322	3.4618	3.2610	3.2610	1276527232	4328112640
20150120	000000	3.3100	3.4140	3.3020	3.3820	1700513024	5718202880
20150121	000000	3.3940	3.5560	3.3910	3.5370	1388185600	4796847104
20150122	000000	3.5430	3.5680	3.5010	3.5430	994191232	3519046912
20150123	000000	3.5680	3.6130	3.5300	3.5600	974562304	3483962112
20150126	000000	3.5800	3.6000	3.5420	3.5940	880206400	3141157888
20150127	000000	3.6020	3.6070	3.4860	3.5580	1231244928	4364746240
20150128	000000	3.5310	3.5700	3.4890	3.5010	958400704	3377022976
20150129	000000	3.4550	3.4880	3.4320	3.4640	953056512	3303737088
20150130	000000	3.4840	3.5030	3.4060	3.4210	1117981440	3856952064
20150202	000000	3.3600	3.3990	3.3330	3.3440	858340416	2885464064
20150203	000000	3.3830	3.4350	3.3530	3.4230	872503616	2952260096
20150204	000000	3.4390	3.4700	3.3800	3.3840	1093056640	3754964992
20150205	000000	3.4750	3.4800	3.3400	3.3440	1464772224	5016369152
20150206	000000	3.3440	3.3610	3.2690	3.2940	1332376448	4433203200
20150209	000000	3.2940	3.3700	3.2900	3.3320	1251856640	4161309952
20150210	000000	3.3360	3.4010	3.3330	3.3990	1393534464	4692324864
20150211	000000	3.4030	3.4350	3.4020	3.4210	1191126016	4072349952
20150212	000000	3.4210	3.4460	3.3930	3.4350	778512128	2662860032
20150213	000000	3.4430	3.5030	3.4430	3.4570	1081377536	3752357120
20150216	000000	3.4560	3.4950	3.4510	3.4860	842154624	2922891008
20150217	000000	3.5010	3.5290	3.5000	3.5170	897305920	3155300096
20150225	000000	3.5140	3.5140	3.4440	3.4630	1377980544	4794797056
20150226	000000	3.4600	3.5690	3.4450	3.5660	1251704064	4392817152
20150227	000000	3.5640	3.5850	3.5420	3.5590	1033178816	3683289088
20150302	000000	3.5830	3.5980	3.5510	3.5870	1151242240	4115162880
20150303	000000	3.5630	3.5630	3.4850	3.4890	1196503040	4216665088
20150304	000000	3.5010	3.5320	3.4780	3.5180	869686528	3049939968
20150305	000000	3.4970	3.5060	3.4510	3.4880	1061900608	3692920064
20150306	000000	3.4850	3.5010	3.4570	3.4660	918423168	3197044992
20150309	000000	3.4320	3.5440	3.4010	3.5340	1498949760	5181078016
20150310	000000	3.5210	3.5370	3.4960	3.5090	1061447808	3729285120
20150311	000000	3.5100	3.5650	3.4950	3.5140	1413614848	4990032896
20150312	000000	3.5380	3.5970	3.5260	3.5780	1438513152	5121790976
20150313	000000	3.5860	3.6250	3.5730	3.5980	920002816	3312797952
20150316	000000	3.6200	3.6940	3.6010	3.6870	1241954048	4527499776
20150317	000000	3.7150	3.7420	3.7010	3.7340	1377257728	5121293824
20150318	000000	3.7420	3.8390	3.7420	3.8330	1332204160	5037977088
20150319	000000	3.8160	3.8320	3.7930	3.8130	1374798336	5245857792
20150320	000000	3.8240	3.8960	3.8100	3.8670	1271122048	4883603968
20150323	000000	3.9070	3.9800	3.9020	3.9450	950611904	3736073984
20150324	000000	3.9510	3.9620	3.8680	3.9410	1626694656	6375752192
20150325	000000	3.9260	3.9510	3.8810	3.9170	1218971136	4781120000
20150326	000000	3.9000	3.9660	3.8600	3.9200	1275240832	4992388096
20150327	000000	3.9270	3.9720	3.9100	3.9500	884522816	3479800064
20150330	000000	3.9830	4.0900	3.9750	4.0760	1280275840	5176868864
20150331	000000	4.1340	4.1500	3.9750	4.0310	2741011968	11212696576
20150401	000000	4.0350	4.1250	4.0280	4.0970	1482410112	6043660800
20150402	000000	4.1270	4.1390	4.0350	4.0910	2019821056	8235441152
20150403	000000	4.0830	4.1620	4.0730	4.1570	1054923008	4336931840
20150407	000000	4.1830	4.2300	4.1560	4.2300	1239846400	5197238784
20150408	000000	4.2400	4.2770	4.1850	4.2640	936815808	3965108992
20150409	000000	4.2820	4.2980	4.1930	4.2330	1166833152	4952892928
20150410	000000	4.2330	4.3390	4.2130	4.3320	1028443328	4405114880
20150413	000000	4.3570	4.4230	4.3410	4.4040	825774208	3608507904
20150414	000000	4.3950	4.4580	4.3700	4.4060	984846400	4330542080
20150415	000000	4.4060	4.4500	4.3640	4.3690	1191779328	5249948160
20150416	000000	4.3690	4.5170	4.3230	4.5120	1071165824	4736441856
20150417	000000	4.5300	4.6310	4.5290	4.5900	1212683264	5540718080
20150420	000000	4.5900	4.6490	4.4700	4.4900	1263876352	5762101248
20150421	000000	4.4930	4.5880	4.4860	4.5850	1329915136	6030544896
20150422	000000	4.6000	4.7170	4.6000	4.7100	1216951552	5674758144
20150423	000000	4.7370	4.7490	4.6660	4.7050	972563712	4586792960
20150424	000000	4.6700	4.7000	4.5920	4.6880	870871104	4049350912
20150427	000000	4.7370	4.7950	4.7020	4.7850	1126696704	5353434112
20150428	000000	4.7690	4.8040	4.6790	4.7230	1251906816	5953970176
20150429	000000	4.7230	4.7750	4.6810	4.7490	802790528	3794298112
20150430	000000	4.7600	4.7970	4.7370	4.7390	765820032	3652175104
20150504	000000	4.7390	4.7700	4.6880	4.7650	798841408	3780818944
20150505	000000	4.7600	4.7600	4.5530	4.5840	981395200	4587563008
20150506	000000	4.5900	4.6780	4.4970	4.5360	1878247936	8636283904
20150507	000000	4.5110	4.5280	4.4420	4.4570	2500567040	11223533568
20150508	000000	4.4900	4.5300	4.4200	4.5260	1309472640	5873288192
20150511	000000	4.5500	4.6800	4.5080	4.6750	2702013952	12360263680
20150512	000000	4.6740	4.7310	4.6420	4.7290	781912512	3658799104
20150513	000000	4.7350	4.7350	4.6560	4.6850	682368320	3211350016
20150514	000000	4.6860	4.7070	4.6530	4.6740	615597568	2879906048
20150515	000000	4.6680	4.6700	4.5670	4.5880	824120000	3802628096
20150518	000000	4.5730	4.5970	4.5330	4.5540	737268608	3374659072
20150519	000000	4.5540	4.7270	4.5470	4.7110	1511441664	7043776000
20150520	000000	4.7370	4.8330	4.6970	4.7330	2074177024	9894178816
20150521	000000	4.7450	4.8330	4.7320	4.8300	1163571840	5558786048
20150522	000000	4.8650	4.9380	4.8490	4.9340	1215924608	5944489984
20150525	000000	4.9280	5.0920	4.9220	5.0900	1136578432	5710573056
20150526	000000	5.1000	5.1800	5.0390	5.1650	1130920448	5782824960
20150527	000000	5.1850	5.2100	5.0970	5.1650	1504854656	7762776064
20150528	000000	5.1590	5.1800	4.7550	4.8150	1509791232	7610281984
20150529	000000	4.8300	4.8960	4.6400	4.8180	2055019008	9838144512
20150601	000000	4.8180	5.0800	4.8010	5.0700	1754210048	8685471744
20150602	000000	5.0700	5.1620	5.0020	5.1560	1512321536	7672666112
20150603	000000	5.1560	5.1660	5.0250	5.1130	1430179456	7299556864
20150604	000000	5.1150	5.1800	4.7090	5.1710	2182733056	10946362368
20150605	000000	5.2000	5.2500	5.0510	5.1790	1440508544	7453939200
20150608	000000	5.1950	5.3500	5.1320	5.3060	2523308032	13131364352
20150609	000000	5.3150	5.3230	5.1960	5.2630	1762317952	9287378944
20150610	000000	5.2340	5.3470	5.1960	5.2580	703179008	3702361088
20150611	000000	5.2580	5.3000	5.2060	5.2600	734093504	3854688000
20150612	000000	5.2810	5.3280	5.2350	5.2980	820533120	4335710208
20150615	000000	5.3130	5.3310	5.1580	5.1710	877839232	4609476096
20150616	000000	5.1490	5.1660	4.9800	5.0350	912758528	4640656896
20150617	000000	5.0370	5.1380	4.9350	5.1100	1094023936	5492838912
20150618	000000	5.0790	5.0900	4.8940	4.9090	872297728	4378608128
20150619	000000	4.8440	4.8890	4.5910	4.6030	1084007936	5187810816
20150623	000000	4.6160	4.7840	4.4460	4.7660	1760685056	8199907840
20150624	000000	4.7900	4.8770	4.6800	4.8710	1341641216	6445210112
20150625	000000	4.8920	4.9150	4.6620	4.6960	676086208	3271482112
20150626	000000	4.5900	4.6580	4.2290	4.3460	989303616	4430494208
20150629	000000	4.4430	4.4450	3.9600	4.1850	1734791936	7391458816
20150630	000000	4.1900	4.4850	3.9960	4.4840	2765317120	11729333248
20150701	000000	4.4140	4.5320	4.1710	4.1970	1386366336	6149234176
20150702	000000	4.2800	4.3220	3.9600	4.1080	2261637120	9438253056
20150703	000000	4.1080	4.1850	3.7850	3.9190	3581953024	14236856320
20150706	000000	4.3080	4.3080	3.8300	4.0250	4918303232	19912429568
20150707	000000	3.9200	3.9820	3.7690	3.8480	3383386880	13128635392
20150708	000000	3.5500	3.7000	3.4630	3.4630	1658607360	5895771136
20150709	000000	3.4200	3.8090	3.4100	3.8090	1392556544	5089643008
20150710	000000	3.9300	4.1900	3.8620	4.1890	1249760128	5136732160
20150713	000000	4.1500	4.3160	4.1000	4.2340	1032250304	4339160064
20150714	000000	4.1650	4.2970	4.0920	4.1540	909731904	3809522944
20150715	000000	4.0920	4.1390	3.9000	3.9450	600683520	2404060928
20150716	000000	3.9300	4.1030	3.8900	4.0360	633754816	2542513920
20150717	000000	4.0700	4.2300	4.0230	4.2000	733647616	3034019072
20150720	000000	4.1830	4.2540	4.1340	4.1880	689596032	2891973888
20150721	000000	4.1340	4.2440	4.1050	4.2140	471259200	1976835968
20150722	000000	4.2000	4.2250	4.1360	4.1940	366573600	1537754880
20150723	000000	4.1990	4.3200	4.1810	4.3080	520488800	2217881088
20150724	000000	4.3020	4.3360	4.1920	4.2180	420040800	1801340032
20150727	000000	4.1360	4.1960	3.7960	3.8030	508691200	2052935040
20150728	000000	3.7220	3.9200	3.6660	3.8470	761611904	2880900096
20150729	000000	3.8810	3.9960	3.8100	3.9880	524545600	2022711040
20150730	000000	3.9500	4.0110	3.8390	3.8510	390171392	1544667136
20150731	000000	3.8410	3.9100	3.8050	3.8510	350508992	1350562944
20150803	000000	3.7940	3.8600	3.7650	3.8520	219344000	835974272
20150804	000000	3.8610	4.0110	3.8390	4.0050	282740000	1111271168
20150805	000000	3.9870	3.9950	3.8770	3.9160	373591616	1472703872
20150806	000000	3.8560	3.9300	3.8380	3.8730	295871296	1150671744
20150807	000000	3.9010	3.9800	3.9000	3.9530	685893120	2705637888
20150810	000000	3.9800	4.1640	3.9610	4.1480	399159392	1618145536
20150811	000000	4.1350	4.1480	4.0810	4.0990	300425216	1238087936
20150812	000000	4.0580	4.1280	4.0480	4.0570	388521504	1587147008
20150813	000000	4.0580	4.1170	4.0010	4.1120	465258592	1892386944
20150814	000000	4.1270	4.1450	4.0910	4.1020	545842816	2250594048
20150817	000000	4.0800	4.1160	4.0450	4.1090	345598496	1409200768
20150818	000000	4.1100	4.1350	3.8200	3.8270	460601216	1844398976
20150819	000000	3.7950	3.9350	3.7000	3.9150	591963520	2256708096
20150820	000000	3.8740	3.9130	3.8010	3.8150	233326400	901579328
20150821	000000	3.8000	3.8130	3.6160	3.6250	693137920	2581530880
20150824	000000	3.5100	3.5140	3.2630	3.2630	542239616	1823944960
20150825	000000	3.1050	3.2300	2.9740	2.9830	710535808	2219016960
20150826	000000	3.0700	3.2210	2.9860	3.0670	735620608	2287585024
20150827	000000	3.1230	3.2700	3.0660	3.2570	708696128	2222078976
20150828	000000	3.2770	3.4200	3.2360	3.4020	568256000	1881063936
20150831	000000	3.3200	3.4020	3.2450	3.3950	313628896	1038036416
20150901	000000	3.3010	3.3980	3.2180	3.3820	227411200	757897792
20150902	000000	3.2790	3.4200	3.2310	3.3720	244408800	821052416
20150907	000000	3.3700	3.4720	3.2770	3.2890	178587296	605459200
20150908	000000	3.2500	3.3940	3.1900	3.3780	203250000	667680128
20150909	000000	3.3980	3.4680	3.3730	3.4420	188386400	644982528
20150910	000000	3.3970	3.4480	3.3760	3.3810	101627984	345908512
20150911	000000	3.3890	3.4420	3.3590	3.3880	255079904	868424192
20150914	000000	3.3980	3.4070	3.2000	3.2690	198007104	650565824
20150915	000000	3.2380	3.2770	3.1620	3.1730	216623600	694110592
20150916	000000	3.1830	3.3950	3.1600	3.3450	572357312	1856030976
20150917	000000	3.3030	3.3810	3.2740	3.2800	419772992	1400918784
20150918	000000	3.3000	3.3130	3.2600	3.2790	258148304	848540992
20150921	000000	3.2510	3.3600	3.2310	3.3390	252574400	832870080
20150922	000000	3.3380	3.4130	3.3290	3.3650	211611200	712112576
20150923	000000	3.3000	3.3500	3.2800	3.2870	87301992	288875808
20150924	000000	3.3200	3.3330	3.2800	3.3150	77205840	255551696
20150925	000000	3.3030	3.3140	3.2230	3.2430	112398720	366955008
20150928	000000	3.2490	3.2740	3.2250	3.2620	101835984	331322688
20150929	000000	3.2240	3.2330	3.1800	3.1990	73216672	234741296
20150930	000000	3.2120	3.2500	3.2100	3.2210	50208260	161905216
20151008	000000	3.3550	3.3620	3.3360	3.3370	110258920	369034592
20151009	000000	3.3300	3.3990	3.3300	3.3790	97261856	326881888
20151012	000000	3.3800	3.5450	3.3800	3.5200	196904304	685890496
20151013	000000	3.4830	3.5050	3.4630	3.4950	144310752	503192800
20151014	000000	3.4780	3.5080	3.4550	3.4570	113842552	396439488
20151015	000000	3.4480	3.5480	3.4400	3.5460	126322280	443506400
20151016	000000	3.5600	3.5980	3.5450	3.5950	207569904	742938880
20151019	000000	3.5970	3.6240	3.5630	3.5890	120340760	432133696
20151020	000000	3.5870	3.6400	3.5640	3.6360	79532840	285474688
20151021	000000	3.6400	3.6470	3.4720	3.5270	165859616	592577024
20151022	000000	3.5000	3.5790	3.4980	3.5720	97325112	343983008
20151023	000000	3.5730	3.6410	3.5680	3.6350	119779880	430869184
20151026	000000	3.6660	3.6720	3.6190	3.6410	180318304	658806976
20151027	000000	3.6330	3.6590	3.5380	3.6430	132236080	475940192
20151028	000000	3.6230	3.6460	3.5680	3.5790	174448304	631290176
20151029	000000	3.5820	3.6200	3.5580	3.5840	121324440	435134016
20151030	000000	3.5770	3.6260	3.5450	3.5850	99564880	356856896
20151102	000000	3.5540	3.5940	3.5140	3.5250	268080304	952078784
20151103	000000	3.5310	3.5400	3.4800	3.4980	221278000	778391872
20151104	000000	3.5070	3.7150	3.5070	3.7080	271206400	977551680
20151105	000000	3.6960	3.8550	3.6710	3.7670	272744000	1025950720
20151106	000000	3.7660	3.8670	3.7550	3.8570	264607600	1009144320
20151109	000000	3.8500	3.9400	3.8500	3.8970	251780400	983571968
20151110	000000	3.8600	3.9230	3.8590	3.8860	140106416	544369792
20151111	000000	3.8850	3.8950	3.8300	3.8810	176515008	681401984
20151112	000000	3.8850	3.8900	3.8130	3.8410	144470272	556205376
20151113	000000	3.8160	3.8410	3.7820	3.8040	147450624	562264704
20151116	000000	3.7580	3.8300	3.7400	3.8260	137476096	520044704
20151117	000000	3.8430	3.9180	3.8000	3.8120	148675856	573675520
20151118	000000	3.8140	3.8280	3.6990	3.7790	137045472	518943712
20151119	000000	3.7810	3.8380	3.7660	3.8360	100104840	379709088
20151120	000000	3.8350	3.8490	3.8110	3.8250	119001840	456082400
20151123	000000	3.8200	3.8620	3.8000	3.8060	87720240	336171200
20151124	000000	3.7940	3.8100	3.7500	3.8090	125306840	474458304
20151125	000000	3.8020	3.8360	3.7870	3.8320	148588896	566591296
20151126	000000	3.8560	3.8570	3.8020	3.8140	126799424	486306912
20151127	000000	3.8000	3.8000	3.5860	3.6080	185180496	684370624
20151130	000000	3.6150	3.6380	3.5100	3.6090	203567300	728920000