20130315	000000	3.4536	3.5179	3.4107	3.4643	91259608	315394336
20130318	000000	3.4107	3.4714	3.4036	3.4071	26234936	90173456
20130319	000000	3.4143	3.4286	3.3607	3.4286	30253992	103293936
20130320	000000	3.4286	3.5214	3.4214	3.5179	14033464	48889380
20130321	000000	3.5179	3.5571	3.5036	3.5536	19550818	69241888
20130322	000000	3.5536	3.5714	3.5321	3.5679	17064134	60703972
20130325	000000	3.5679	3.5714	3.5321	3.5571	8540758	30328650
20130326	000000	3.5357	3.5464	3.4821	3.5214	1503531.50	5278054
20130327	000000	3.5179	3.5643	3.4643	3.5321	7317233.50	25885670
20130328	000000	3.4750	3.4821	3.3929	3.4357	2585442.50	8949443
20130329	000000	3.4393	3.4607	3.4250	3.4393	21056358	72583856
20130401	000000	3.4429	3.4821	3.4357	3.4571	5784264.50	20035100
20130402	000000	3.4393	3.4929	3.4107	3.4179	867734.19	2985610
20130403	000000	3.4214	3.4286	3.3786	3.3964	1903527.13	6459777
20130408	000000	3.2857	3.4036	3.2857	3.4036	17420226	58463780
20130409	000000	3.4036	3.4393	3.4036	3.4357	5057267	17313600
20130410	000000	3.4107	3.4464	3.4036	3.4250	1926563.63	6595486.50
20130411	000000	3.4464	3.4464	3.4036	3.4179	4162408.75	14239722
20130412	000000	3.4000	3.4179	3.3821	3.3893	7662961	26093680
20130415	000000	3.3714	3.3714	3.3179	3.3286	1509698	5050966.50
20130416	000000	3.2643	3.3714	3.2643	3.3679	2375924	7877977.50
20130417	000000	3.3643	3.4036	3.3571	3.3964	3067316.75	10374714
20130418	000000	3.3250	3.4250	3.3250	3.4071	1399766	4763475
20130419	000000	3.4143	3.4857	3.4143	3.4786	2042081.50	7074970
20130422	000000	3.4643	3.5000	3.4607	3.5000	1091609.88	3800810.25
20130423	000000	3.4821	3.4929	3.3964	3.4000	1673986.88	5766126.50
20130424	000000	3.4036	3.4679	3.3964	3.4679	927052.75	3180337.25
20130425	000000	3.4714	3.4893	3.4250	3.4250	5447842	18910342
20130426	000000	3.4286	3.4321	3.3571	3.3679	3900870.75	13201783
20130502	000000	3.3571	3.3893	3.3429	3.3786	4190991.75	14134554
20130503	000000	3.4071	3.4571	3.4071	3.4500	2779281.75	9581123
20130506	000000	3.4500	3.5179	3.4500	3.5107	6124985.50	21383200
20130507	000000	3.5036	3.5321	3.4964	3.5179	5107322.50	17976960
20130508	000000	3.5143	3.5571	3.5143	3.5536	4734813.50	16756390
20130509	000000	3.5536	3.5607	3.5179	3.5536	2275860.50	8064364
20130510	000000	3.5429	3.5786	3.5429	3.5750	6495811.50	23186260
20130513	000000	3.5607	3.5929	3.5607	3.5857	6500709	23288042
20130514	000000	3.5821	3.5821	3.5286	3.5464	3115288.25	11072561
20130515	000000	3.5500	3.6000	3.5500	3.6000	8019641.50	28713140
20130516	000000	3.5750	3.6536	3.5714	3.6393	8981934	32555210
20130517	000000	3.6107	3.7036	3.6107	3.6893	7756635	28488132
20130520	000000	3.7143	3.7429	3.6857	3.7357	8349736.50	31047462
20130521	000000	3.7357	3.7857	3.7250	3.7786	8061056.50	30247732
20130522	000000	3.7714	3.7929	3.7321	3.7500	11366201	42765240
20130523	000000	3.7464	3.7857	3.7143	3.7214	3652388.75	13716774
20130524	000000	3.7214	3.7786	3.7143	3.7750	4470478.50	16747556
20130527	000000	3.7786	3.8214	3.7786	3.8107	2076940.63	7901108
20130528	000000	3.8143	3.8286	3.7643	3.8250	2295498.50	8727988
20130529	000000	3.8250	3.8571	3.8250	3.8464	2036064.63	7820906.50
20130530	000000	3.8500	3.8679	3.8286	3.8571	3884136.25	14956884
20130531	000000	3.8571	3.8857	3.8393	3.8429	1611120.13	6238331
20130603	000000	3.7750	3.8536	3.7750	3.8179	1072468.75	4095516
20130604	000000	3.8000	3.8071	3.7071	3.7393	2431863	9130288
20130605	000000	3.7357	3.7679	3.7214	3.7536	759139.31	2843815.25
20130606	000000	3.7464	3.7464	3.6857	3.6857	1359344.75	5051309.50
20130607	000000	3.6893	3.7071	3.6000	3.6179	2059091.50	7480704
20130613	000000	3.6000	3.6000	3.4500	3.5143	1305123.50	4576993
20130614	000000	3.5143	3.5964	3.5143	3.5929	2002055.25	7145319
20130617	000000	3.6071	3.6214	3.5714	3.5929	2552537.25	9175830
20130618	000000	3.6107	3.6179	3.5643	3.6036	651636.38	2341203
20130619	000000	3.6036	3.6036	3.5357	3.5893	5120984	18223942
20130620	000000	3.5607	3.5786	3.4714	3.4750	3471591.50	12301666
20130621	000000	3.4643	3.4714	3.3500	3.4500	5623981.50	19236142
20130624	000000	3.4536	3.4536	3.2107	3.2429	1454198.38	4807900
20130625	000000	3.2393	3.3143	2.9929	3.2286	7429777	23771952
20130626	000000	3.2143	3.2929	3.2071	3.2929	2996144	9710948
20130627	000000	3.3036	3.3500	3.2286	3.2357	1978948.25	6493908
20130628	000000	3.2500	3.3000	3.1929	3.2429	915156.69	2974186.25
20130701	000000	3.2393	3.5036	3.2214	3.3036	3670276.25	11929318
20130702	000000	3.2964	3.3679	3.2929	3.3643	1089122	3626154
20130703	000000	3.3107	3.3714	3.2143	3.3643	1005143.31	3351661
20130704	000000	3.3429	3.4321	3.3321	3.3929	642874.06	2179541
20130705	000000	3.4107	3.4357	3.3786	3.3786	1084227.38	3700358
20130708	000000	3.2857	3.3786	3.2536	3.2536	591258.88	1941723.13
20130709	000000	3.2429	3.2714	3.2286	3.2643	312133.88	1014767
20130710	000000	3.2643	3.3714	3.2643	3.3679	732822.06	2421862
20130711	000000	3.3821	3.4964	3.3750	3.4679	1263482.75	4354707
20130712	000000	3.4607	3.5036	3.4321	3.4393	1224474.88	4251191
20130715	000000	3.4607	3.5036	3.4429	3.5000	993308.31	3462780
20130716	000000	3.5000	3.5429	3.4821	3.5429	752480.31	2647048
20130717	000000	3.5286	3.5607	3.4821	3.4964	549583.94	1938302.13
20130718	000000	3.4643	3.5107	3.4536	3.4893	494311.94	1719130
20130719	000000	3.4893	3.5179	3.4107	3.4107	564597.56	1966350.13
20130722	000000	3.3964	3.4750	3.3714	3.4750	358422.94	1222279.13
20130723	000000	3.4821	3.5607	3.4786	3.5571	1043785.88	3680395.25
20130724	000000	3.5464	3.5893	3.5179	3.5750	783082.06	2781022
20130725	000000	3.6036	3.6036	3.5071	3.5143	529059.94	1876236
20130726	000000	3.4929	3.5250	3.4643	3.5071	760976.94	2658904.25
20130729	000000	3.4750	3.5000	3.4357	3.4357	239175.97	827156
20130730	000000	3.4357	3.4571	3.3643	3.4179	801809.06	2739168.25
20130731	000000	3.4214	3.4786	3.4214	3.4393	869399.63	3002719.25
20130801	000000	3.4500	3.5357	3.4464	3.5357	1882537.75	6597595.50
20130802	000000	3.5464	3.5750	3.5393	3.5429	723450.50	2569377
20130805	000000	3.5393	3.6036	3.5393	3.6036	1086532.63	3901012
20130806	000000	3.4286	3.6536	3.4286	3.6393	973319.13	3496784.25
20130807	000000	3.6357	3.6571	3.5893	3.5929	5210096.50	18894990
20130808	000000	3.5750	3.6321	3.5750	3.6000	4984859	18001830
20130809	000000	3.6214	3.6429	3.5786	3.6179	499642.03	1798872.13
20130812	000000	3.6179	3.6857	3.6179	3.6821	1939048	7099476
20130813	000000	3.6714	3.6964	3.6714	3.6964	4091428.50	15082399
20130814	000000	3.6857	3.7143	3.6643	3.6786	3032849.75	11226941
20130815	000000	3.6750	3.6893	3.6286	3.6321	505158.88	1849902
20130816	000000	3.6107	3.6893	3.5536	3.5536	2475883	9035871
20130819	000000	3.5321	3.6179	3.5286	3.6143	5496083	19727070
20130820	000000	3.6036	3.6357	3.5857	3.5929	440243.97	1592045.13
20130821	000000	3.5929	3.6250	3.5893	3.6179	313683.97	1131867
20130822	000000	3.6250	3.6500	3.6143	3.6357	841739.56	3066889
20130823	000000	3.5750	3.6607	3.5643	3.6250	797669.50	2878414
20130826	000000	3.6321	3.7071	3.6250	3.7036	1298370	4763169.50
20130827	000000	3.7000	3.7321	3.6964	3.7321	1086871.13	4035211
20130828	000000	3.7107	3.7429	3.6464	3.7107	867087.69	3216333
20130829	000000	3.7107	3.7214	3.6786	3.7107	745271.19	2758621
20130830	000000	3.7000	3.7321	3.6536	3.6714	1834299.13	6801753
20130902	000000	3.6857	3.6964	3.6429	3.6786	381180.47	1397365
20130903	000000	3.6643	3.7571	3.6643	3.7500	2608401.25	9709941
20130904	000000	3.7429	3.7643	3.7214	3.7464	875274.31	3282360
20130905	000000	3.7214	3.7786	3.7179	3.7679	1912891.75	7183125
20130906	000000	3.7393	3.8036	3.7357	3.7964	3662562	13845373
20130909	000000	3.8143	3.8393	3.7536	3.8250	1389786.25	5310780
20130910	000000	3.8250	3.8679	3.8143	3.8571	935678.13	3602553
20130911	000000	3.8643	3.8786	3.7143	3.8429	520108.34	1993909.13
20130912	000000	3.5714	3.8643	3.5714	3.8214	1007307.75	3869592.25
20130913	000000	3.8214	3.8857	3.8000	3.8321	486914.91	1866099
20130916	000000	3.8071	3.8679	3.8071	3.8286	479958.03	1848192.13
20130917	000000	3.8286	3.8357	3.8036	3.8179	282065.25	1077175
20130918	000000	3.8071	3.8536	3.7821	3.8286	174445.02	665380
20130923	000000	3.8214	3.9179	3.8214	3.9036	840049.50	3257278.25
20130924	000000	3.9250	3.9250	3.8643	3.9036	594783.25	2315553.25
20130925	000000	3.8786	3.9357	3.8786	3.9107	1675237.88	6556797
20130926	000000	3.8571	3.9107	3.8429	3.8643	336163.22	1296863
20130927	000000	3.8250	3.8607	3.8214	3.8429	193079.86	739183
20130930	000000	3.8500	3.9250	3.8429	3.9250	464486.06	1798031
20131008	000000	3.8893	3.9429	3.7607	3.9393	871839.56	3408314
20131009	000000	3.9393	3.9857	3.9286	3.9857	1175455.25	4656477
20131010	000000	4.0107	4.0107	3.9036	3.9679	3415781.50	13618266
20131011	000000	3.9357	4.0286	3.9357	4.0286	1054848.88	4223222
20131014	000000	4.0500	4.0714	4.0321	4.0679	1444526.88	5853407.50
20131015	000000	4.0714	4.0857	4.0464	4.0786	691424.06	2813083
20131016	000000	4.0464	4.0536	3.9464	3.9643	3663920.25	14612196
20131017	000000	3.9964	4.0143	3.9286	3.9357	8049954.50	32107240
20131018	000000	3.9821	3.9821	3.9357	3.9750	959999.25	3803039.25
20131021	000000	3.9750	4.0714	3.9679	4.0714	982330.06	3959731.75
20131022	000000	4.0321	4.0893	4.0214	4.0321	865333.19	3517712
20131023	000000	4.0321	4.0536	3.9071	3.9321	3033708.50	12031943
20131024	000000	3.9107	3.9357	3.8893	3.9179	3490912.75	13668592
20131025	000000	3.9143	3.9143	3.7929	3.8143	1493918.88	5768118
20131028	000000	3.8214	3.8321	3.7821	3.8071	906974.50	3452737
20131029	000000	3.7857	3.8321	3.6107	3.7036	2691743.50	10107385
20131030	000000	3.7000	3.7679	3.6893	3.7643	948464.31	3541217
20131031	000000	3.7679	3.7679	3.7179	3.7214	538249.56	2014415.13
20131101	000000	3.7536	3.7536	3.6679	3.7071	543514.94	2011505
20131104	000000	3.7143	3.7464	3.7107	3.7250	638839.25	2381898
20131105	000000	3.7071	3.7786	3.6893	3.7750	706635.94	2627993
20131106	000000	3.7536	3.8036	3.7429	3.7464	361595.31	1367314
20131107	000000	3.7357	3.7357	3.6821	3.6893	507738.78	1879046.13
20131108	000000	3.6893	3.6893	3.6250	3.6357	236683.97	863921
20131111	000000	3.6429	3.6607	3.6071	3.6500	17457102	63631168
20131112	000000	3.6571	3.6786	3.6393	3.6786	1197803.25	4385724.50
20131113	000000	3.6786	3.6786	3.6107	3.6179	1385355.88	5070570
20131114	000000	3.5964	3.6607	3.5821	3.6607	1913267.75	6916966
20131115	000000	3.6607	3.7679	3.6607	3.7393	2489657	9284822
20131118	000000	3.7750	3.8286	3.7536	3.8250	2519803.75	9561160
20131119	000000	3.8214	3.8536	3.8107	3.8429	3731410	14331054
20131120	000000	3.8536	3.8821	3.8286	3.8821	2450307.75	9435888
20131121	000000	3.8821	3.8821	3.8393	3.8679	2032090.50	7834858
20131122	000000	3.8679	3.8857	3.8393	3.8464	2061964.25	7946406
20131125	000000	3.8464	3.8750	3.8214	3.8321	4367803.50	16809680
20131126	000000	3.8464	3.8500	3.8179	3.8464	1089965.75	4180467.25
20131127	000000	3.8357	3.8893	3.8357	3.8857	1818646.25	7039852
20131128	000000	3.8821	3.9464	3.8821	3.9250	3389863.25	13303016
20131129	000000	3.9500	3.9500	3.9179	3.9429	1323093.63	5205903
20131202	000000	3.8571	3.9036	3.5714	3.7750	2729864.75	10436892
20131203	000000	3.6607	3.8607	3.6607	3.8571	2115601.75	8065021.50
20131204	000000	3.8571	3.9571	3.8571	3.9286	1951515.50	7666483
20131205	000000	3.9179	3.9536	3.7964	3.9286	459454.75	1806067
20131206	000000	3.8786	3.9357	3.8786	3.9214	777392.50	3048010.25
20131209	000000	3.9357	4.1429	3.9214	3.9464	992944.56	3913160
20131210	000000	3.9500	3.9643	3.9286	3.9464	1150967.88	4540210
20131211	000000	3.9464	3.9464	3.8821	3.9071	830423.63	3243640
20131212	000000	3.9000	3.9429	3.9000	3.9143	955331.88	3747393
20131213	000000	3.8036	3.9286	3.7929	3.9214	1418283.88	5544169.50
20131216	000000	3.9214	3.9250	3.8500	3.8536	935089.31	3622941.25
20131217	000000	3.8536	3.8536	3.8179	3.8286	1758987.88	6744187.50
20131218	000000	3.8321	3.8464	3.8179	3.8214	461467.94	1769235
20131219	000000	3.8464	3.8536	3.7857	3.7929	309259.97	1181522
20131220	000000	3.7929	3.8000	3.7286	3.7429	602866	2267361.25
20131223	000000	3.7214	3.7536	3.6821	3.7357	877626.88	3274019
20131224	000000	3.7393	3.7964	3.7357	3.7571	1473086	5535282
20131225	000000	3.7679	3.8071	3.7464	3.8036	1610111.88	6074135
20131226	000000	3.8000	3.8036	3.7357	3.7357	1214581.13	4599143
20131227	000000	3.7429	3.8071	3.7321	3.7964	933827.88	3520400
20131230	000000	3.8107	3.8250	3.7964	3.8071	1008110.75	3840227
20131231	000000	3.8071	3.8286	3.7786	3.8250	52346780	199367024
20140102	000000	3.8107	3.8464	3.8071	3.8464	1271479.88	4862848
20140103	000000	3.8321	3.8357	3.7929	3.8214	15961678	60909780
20140106	000000	3.7893	3.7893	3.7107	3.7143	83827760	313480800
20140107	000000	3.7143	3.7393	3.6893	3.7286	1139991.88	4243075
20140108	000000	3.7286	3.7679	3.7179	3.7321	12842143	48124180
20140109	000000	3.7321	3.7643	3.6964	3.6964	7208700	26729730
20140110	000000	3.6929	3.6929	3.6179	3.6250	6183351.50	22483670
20140113	000000	3.6250	3.6500	3.5857	3.6071	8006151	28919850
20140114	000000	3.6107	3.6714	3.5929	3.6714	740571.94	2697744
20140115	000000	3.6714	3.7000	3.6643	3.6929	1900695.75	7004726
20140116	000000	3.7000	3.7250	3.6929	3.7143	216803.42	802869.06
20140117	000000	3.7071	3.7071	3.6643	3.6643	180961.19	664937.06
20140120	000000	3.6643	3.6679	3.6179	3.6393	874750.69	3196712
20140121	000000	3.6393	3.6893	3.6250	3.6821	338211.97	1243554
20140122	000000	3.7250	3.7929	3.7071	3.7929	1411479.88	5322267
20140123	000000	3.7929	3.8429	3.7893	3.8214	32928210	126239056
20140124	000000	3.7857	3.8893	3.7857	3.8821	62446376	241450000
20140127	000000	3.8679	3.9179	3.8429	3.8786	9096869	35427100
20140128	000000	3.8643	3.9071	3.8393	3.8714	9495099	36959200
20140129	000000	3.8750	3.9071	3.8714	3.9000	541133.25	2106620
20140130	000000	3.8929	3.9036	3.8643	3.8786	1252635.88	4864112
20140207	000000	3.8571	3.9536	3.8464	3.9536	1350073.63	5287180
20140210	000000	3.9536	4.0714	3.9536	4.0679	9245980	37450360
20140211	000000	4.0429	4.1000	4.0286	4.0786	15236529	62116360
20140212	000000	4.0893	4.1214	4.0643	4.1214	18130278	74038464
20140213	000000	4.1036	4.1357	4.0571	4.0607	2421484.50	9924955
20140214	000000	4.0679	4.1286	4.0536	4.1286	2464532	10089219
20140217	000000	4.1357	4.2071	4.1357	4.2071	2513702	10487790
20140218	000000	4.2179	4.2250	4.1786	4.1964	26032960	109044936
20140219	000000	4.2000	4.2250	4.1714	4.2000	5132556.50	21535850
20140220	000000	4.2000	4.2071	4.1250	4.1393	2134892	8896582
20140221	000000	4.1464	4.1464	4.0750	4.1143	9269410	38290088
20140224	000000	4.0607	4.1071	4.0321	4.0964	5348470	21765152
20140225	000000	4.0893	4.1321	3.9250	3.9536	6520930.50	26463590
20140226	000000	3.9393	3.9786	3.8714	3.9750	11384900	44752004
20140227	000000	3.9750	4.0429	3.9179	3.9214	5256915.50	21010370
20140228	000000	3.9214	3.9643	3.8679	3.9643	4758221.50	18657590
20140303	000000	3.9679	4.0500	3.9571	4.0464	3147953	12656631
20140304	000000	4.0500	4.0536	4.0000	4.0429	12405483	50089804
20140305	000000	4.0464	4.0643	4.0179	4.0214	15603068	63214444
20140306	000000	4.0250	4.0357	3.9714	4.0179	6123652.50	24547740
20140307	000000	4.0286	4.0429	3.9857	4.0036	2182772.75	8769255
20140310	000000	3.9857	3.9857	3.8464	3.8536	3702864	14475633
20140311	000000	3.8893	3.8893	3.8214	3.8571	10703901	41222480
20140312	000000	3.8536	3.8821	3.8000	3.8571	3170591	12198097
20140313	000000	3.8571	3.9000	3.8500	3.9000	2627806.75	10195870
20140314	000000	3.8964	3.9036	3.8536	3.8750	7991023	30960402
20140317	000000	3.9071	3.9607	3.8750	3.9607	4155489.50	16296408
20140318	000000	3.9643	4.0000	3.9643	3.9821	2287067.75	9095581
20140319	000000	3.9607	3.9750	3.9286	3.9679	2409623.75	9524008
20140320	000000	3.9679	3.9929	3.8679	3.8679	1384605.50	5452481.50
20140321	000000	3.8643	3.9857	3.8179	3.9393	5346078.50	20668450
20140324	000000	3.9679	3.9857	3.9321	3.9750	3856841.25	15261289
20140325	000000	3.9750	4.0000	3.9536	3.9750	2646195.75	10524150
20140326	000000	3.9821	4.0000	3.9786	3.9893	4307632.50	17178790
20140327	000000	3.9893	3.9893	3.9250	3.9357	4322226.50	17091840
20140328	000000	3.9286	3.9393	3.8429	3.8500	6738591.50	26120562
20140331	000000	3.8571	3.9107	3.8071	3.8286	2245347.75	8620067
20140401	000000	3.8286	3.8893	3.8250	3.8893	4139999	15952070
20140402	000000	3.9036	3.9107	3.8786	3.8929	3729123.50	14524529
20140403	000000	3.8893	3.9107	3.8714	3.8857	3143458.50	12226946
20140404	000000	3.8750	3.9286	3.8750	3.9250	5364452.50	20918762
20140408	000000	3.9286	3.9750	3.9107	3.9714	5453817	21454120
20140409	000000	3.9786	4.0071	3.9786	4.0071	6004969	23970610
20140410	000000	4.0179	4.0393	4.0036	4.0250	10359954	41616260
20140411	000000	4.0143	4.0179	3.9893	4.0071	3539670.25	14175612
20140414	000000	4.0071	4.0429	4.0036	4.0393	4743446	19043502
20140415	000000	4.0393	4.0393	4.0036	4.0107	3193119.75	12840784
20140416	000000	4.0036	4.0107	3.9821	4.0071	3858371.50	15416987
20140417	000000	4.0107	4.0214	4.0000	4.0036	1950871.75	7828896
20140418	000000	3.9750	4.0214	3.9750	4.0214	4747769	19007200
20140421	000000	4.0107	4.0250	3.9500	3.9536	5039868	20111172
20140422	000000	3.9643	3.9643	3.8750	3.9321	6480728	25410410
20140423	000000	3.9250	3.9429	3.9036	3.9143	5158999.50	20262160
20140424	000000	3.9143	3.9179	3.8750	3.8750	2694134.75	10483801
20140425	000000	3.8750	3.8750	3.7893	3.7893	7411067	28363300
20140428	000000	3.8143	3.8143	3.6750	3.6750	2470467.25	9176416
20140429	000000	3.6821	3.7250	3.6750	3.7250	7248642	26847750
20140430	000000	3.7143	3.7607	3.7107	3.7536	5150347.50	19235590
20140505	000000	3.7500	3.7857	3.7357	3.7857	1790755.25	6737485.50
20140506	000000	3.7786	3.8179	3.7786	3.8000	3531219.75	13411520
20140507	000000	3.7893	3.7893	3.7357	3.7393	2563399.75	9677390
20140508	000000	3.7357	3.7893	3.7250	3.7429	2535069.50	9542085
20140509	000000	3.7393	3.7429	3.6786	3.7071	4542355.50	16845550
20140512	000000	3.7214	3.8036	3.7214	3.8036	3328213.25	12576651
20140513	000000	3.8107	3.8107	3.6536	3.7964	4178131.50	15838221
20140514	000000	3.7893	3.8071	3.7786	3.7857	1594795.88	6047174.50
20140515	000000	3.7893	3.7893	3.7179	3.7250	807435.94	3029931
20140516	000000	3.7214	3.7214	3.6786	3.7179	3494113.50	12925701
20140519	000000	3.7107	3.7107	3.6750	3.6893	2586338	9543177
20140520	000000	3.7071	3.7429	3.7036	3.7071	6422580.50	23932432
20140521	000000	3.7071	3.7393	3.6607	3.7393	4754343.50	17594160
20140522	000000	3.7393	3.7857	3.7357	3.7393	5459019.50	20544992
20140523	000000	3.7429	3.7857	3.7393	3.7857	3702657.50	13910521
20140526	000000	3.8107	3.8250	3.7964	3.8250	3470299.75	13231259
20140527	000000	3.8214	3.8321	3.8036	3.8107	3564391.50	13606049
20140528	000000	3.8107	3.8643	3.8071	3.8571	3945003.25	15099768
20140529	000000	3.8500	3.8714	3.8107	3.8143	3912016.25	15027279
20140530	000000	3.8143	3.8357	3.7929	3.8250	2944871.75	11235696
20140603	000000	3.8357	3.8429	3.8143	3.8143	3947047.50	15131089
20140604	000000	3.8143	3.8143	3.7571	3.7857	1567150.88	5935542
20140605	000000	3.7857	3.8286	3.7821	3.8286	2086027.50	7948447
20140606	000000	3.8286	3.8321	3.7929	3.8179	2217928.75	8463563
20140609	000000	3.8107	3.8286	3.7857	3.7893	1701563.50	6485080
20140610	000000	3.8036	3.8393	3.7821	3.8393	1619463.88	6172036.50
20140611	000000	3.8393	3.8571	3.8286	3.8571	6651967.50	25498400
20140612	000000	3.8500	3.8536	3.8321	3.8500	787289.38	3027612.25
20140613	000000	3.8464	3.8964	3.8429	3.8929	2741955.75	10647357
20140616	000000	3.8964	3.9143	3.8929	3.9107	3723669.75	14530513
20140617	000000	3.9107	3.9107	3.8750	3.8786	2398003.75	9337640
20140618	000000	3.8821	3.8857	3.8536	3.8607	2693796.25	10412443
20140619	000000	3.8607	3.8643	3.7429	3.7536	5436871.50	20631860
20140620	000000	3.7536	3.7893	3.7536	3.7893	3366663.75	12693115
20140623	000000	3.7929	3.8357	3.7679	3.8179	2876611.75	10975484
20140624	000000	3.8179	3.8464	3.8143	3.8429	2224561.50	8523001
20140625	000000	3.8321	3.8321	3.8071	3.8214	1150015.88	4392671
20140626	000000	3.8214	3.8714	3.8214	3.8714	1654491.88	6385807
20140627	000000	3.8786	3.9143	3.8607	3.8929	2514847.50	9783042
20140630	000000	3.8929	3.9357	3.8929	3.9321	2633941.25	10324867
20140701	000000	3.9321	3.9607	3.9250	3.9607	3089927.75	12179040
20140702	000000	3.9571	3.9893	3.9464	3.9893	2537691.50	10063122
20140703	000000	3.9893	4.0357	3.9786	4.0286	6327688.50	25337660
20140704	000000	4.0286	4.0321	4.0071	4.0179	1665038.25	6697542.50
20140707	000000	4.0179	4.0393	4.0000	4.0250	3001161	12061467
20140708	000000	4.0321	4.0536	3.9964	4.0536	5578700	22480992
20140709	000000	4.0393	4.0607	3.9893	3.9929	3216241.50	12976887
20140710	000000	3.9893	4.0179	3.9857	3.9893	4872559.50	19505930
20140711	000000	3.9857	4.0500	3.9857	4.0429	5169180.50	20797610
20140714	000000	4.0500	4.1036	4.0429	4.1000	9514580	38717916
20140715	000000	4.1000	4.1143	4.0750	4.1071	6572859.50	26911420
20140716	000000	4.1036	4.1214	4.0607	4.0750	4456742.50	18259030
20140717	000000	4.0750	4.0750	4.0179	4.0464	3917518.75	15829170
20140718	000000	4.0357	4.0821	4.0250	4.0536	5469799.50	22246230
20140721	000000	4.0536	4.0643	4.0286	4.0429	2816968	11395924
20140722	000000	4.0429	4.1000	4.0429	4.1000	8385355	34070528
20140723	000000	4.1000	4.1143	4.0571	4.0714	1787148	7320833.50
20140724	000000	4.0786	4.0929	4.0214	4.0679	4587424.50	18640090
20140725	000000	4.0643	4.1071	4.0643	4.1036	8378570.50	34155632
20140728	000000	4.1071	4.1786	4.1071	4.1750	3502528	14525173
20140729	000000	4.1750	4.2321	4.1750	4.2143	15085480	63313960
20140730	000000	4.2179	4.2500	4.1964	4.2214	10721421	45230652
20140731	000000	4.2286	4.2750	4.2214	4.2714	6635120	28250730
20140801	000000	4.2786	4.2857	4.2143	4.2321	7004193.50	29854578
20140804	000000	4.2321	4.2893	4.2286	4.2893	10752158	45690064
20140805	000000	4.2929	4.3107	4.2750	4.3071	3219510.50	13839738
20140806	000000	4.3179	4.3500	4.2857	4.3393	2548344.25	11013939
20140807	000000	4.3214	4.3643	4.2929	4.3000	3484787	15048094
20140808	000000	4.2893	4.3321	4.2893	4.3214	10164066	43769380
20140811	000000	4.3357	4.3893	4.3321	4.3893	6419509	28012272
20140812	000000	4.3964	4.4143	4.3821	4.4143	5363368.50	23593820
20140813	000000	4.4250	4.4250	4.3607	4.4143	8202736.50	36064984
20140814	000000	4.4143	4.4429	4.3750	4.3857	3413871.75	15076085
20140815	000000	4.3750	4.4464	4.3750	4.4393	6439377.50	28381908
20140818	000000	4.4607	4.5179	4.4536	4.5036	13547446	60530396
20140819	000000	4.5214	4.5286	4.4714	4.5143	6909556.50	31089762
20140820	000000	4.4857	4.5429	4.4857	4.5143	7770453	35112244
20140821	000000	4.5143	4.5214	4.4571	4.5071	4265239.50	19159060
20140822	000000	4.5071	4.5429	4.4893	4.5357	2951709.25	13346855
20140825	000000	4.5536	4.5571	4.4929	4.5000	4827269.50	21805770
20140826	000000	4.5000	4.5107	4.4036	4.4286	7724995	34504140
20140827	000000	4.4286	4.4464	4.4143	4.4321	21017570	93113392
20140828	000000	4.4250	4.4429	4.3786	4.3929	9083375	40133672
20140829	000000	4.3679	4.4464	4.3679	4.4464	4371213	19276090
20140901	000000	4.4714	4.5214	4.4536	4.5214	3899557	17516950
20140902	000000	4.5357	4.5964	4.5286	4.5929	8902963	40585384
20140903	000000	4.6321	4.6429	4.5821	4.6286	9916669	45716336
20140904	000000	4.6250	4.6679	4.6107	4.6607	12061940	55936996
20140905	000000	4.6786	4.6929	4.6393	4.6821	11683471	54526512
20140909	000000	4.6964	4.7214	4.6536	4.7179	11503211	53949840
20140910	000000	4.6964	4.7286	4.6750	4.7250	5623726.50	26475290
20140911	000000	4.7321	4.7821	4.6786	4.7179	8063467	38176848
20140912	000000	4.7071	4.7857	4.7000	4.7750	10112619	47902412
20140915	000000	4.7536	4.8250	4.7536	4.8179	8905130	42675672
20140916	000000	4.8214	4.8321	4.6536	4.6607	12040617	57429860
20140917	000000	4.6536	4.7036	4.6143	4.7000	20388680	94996400
20140918	000000	4.6821	4.7321	4.6679	4.7321	9265697	43618760
20140919	000000	4.7321	4.7821	4.7179	4.7750	9964331	47326320
20140922	000000	4.7679	4.7679	4.6929	4.7071	12867520	60818452
20140923	000000	4.7036	4.7714	4.7036	4.7714	13293713	62986872
20140924	000000	4.7607	4.8393	4.7464	4.8357	16185508	77709424
20140925	000000	4.8571	4.8786	4.8036	4.8286	11702686	56793392
20140926	000000	4.8214	4.8536	4.7857	4.8464	10505980	50755264
20140929	000000	4.8536	4.9000	4.8500	4.9000	10065988	49148844
20140930	000000	4.9000	4.9393	4.8964	4.9321	9355611	46051680
20141008	000000	4.9464	5.0179	4.9286	5.0179	14129762	70294848
20141009	000000	5.0214	5.0321	4.9500	5.0214	12743588	63748128
20141010	000000	5.0071	5.0250	4.9679	4.9964	9469851	47336852
20141013	000000	4.9464	5.0000	4.9179	5.0000	28140364	139675440
20141014	000000	4.9893	5.0286	4.9429	4.9786	13337295	66586620
20141015	000000	4.9750	5.0036	4.9357	5.0000	13962843	69513504
20141016	000000	4.9750	5.0214	4.9214	4.9250	16069187	80057760
20141017	000000	4.9179	4.9286	4.7821	4.8750	14655171	71368176
20141020	000000	4.8929	4.9429	4.8821	4.9429	15520813	76293864
20141021	000000	4.9429	4.9571	4.8929	4.8964	19363264	95376016
20141022	000000	4.8893	4.9143	4.8321	4.8357	12388240	60577712
20141023	000000	4.8286	4.8464	4.7464	4.7750	12365146	59260784
20141024	000000	4.8036	4.8179	4.7679	4.7893	7240023.50	34687540
20141027	000000	4.7679	4.8250	4.7500	4.8250	9513128	45509792
20141028	000000	4.8321	4.9429	4.8321	4.9393	11701423	57290344
20141029	000000	4.9607	5.0179	4.9357	5.0143	14763343	73572432
20141030	000000	5.0107	5.0393	4.9893	5.0036	16700229	83803200
20141031	000000	5.0071	5.0286	4.9536	5.0071	13338543	66588164
20141103	000000	5.0143	5.0500	5.0107	5.0464	20713212	104114144
20141104	000000	5.0393	5.0536	4.9964	5.0179	13559251	68245400
20141105	000000	5.0214	5.0286	4.9929	5.0107	19022034	95384712
20141106	000000	5.0107	5.0464	4.9750	5.0464	20544628	102930608
20141107	000000	5.0464	5.0643	4.9679	4.9929	20597202	103691192
20141110	000000	5.0321	5.0464	4.9643	5.0464	18152286	90968656
20141111	000000	5.0500	5.0536	4.8464	4.8929	15686385	77802240
20141112	000000	4.8750	4.9786	4.8679	4.9750	23109490	113753216
20141113	000000	4.9714	4.9821	4.9000	4.9357	21963122	108658016
20141114	000000	4.9214	4.9321	4.8714	4.9214	22709418	111464408
20141117	000000	4.9179	5.0000	4.9143	4.9750	15978478	79347200
20141118	000000	4.9679	4.9893	4.9607	4.9714	16700738	83076224
20141119	000000	4.9714	5.0179	4.9714	4.9964	24058226	120092496
20141120	000000	4.9786	5.0036	4.9750	4.9893	10623787	53018684
20141121	000000	4.9893	5.0464	4.9893	5.0464	23089004	115728664
20141124	000000	5.0750	5.1464	5.0750	5.1286	27123794	138563344
20141125	000000	5.1214	5.2036	5.1214	5.2036	23793984	123053944
20141126	000000	5.2214	5.2393	5.1821	5.2214	33797956	176117296
20141127	000000	5.2321	5.2643	5.2143	5.2643	14344847	75183648
20141128	000000	5.2500	5.2786	5.2036	5.2464	14481319	76065680
20141201	000000	5.2536	5.2536	5.1893	5.2214	11788234	61600740
20141202	000000	5.1964	5.2929	5.1964	5.2893	30220330	158699984
20141203	000000	5.2929	5.4893	5.2571	5.3571	29176980	154958976
20141204	000000	5.3929	5.4964	5.3536	5.4643	21496228	116553544
20141205	000000	5.4750	5.5107	5.1857	5.3536	16233682	87274152
20141208	000000	5.2464	5.4536	5.2464	5.4250	14027747	75351624
20141209	000000	5.4107	5.4750	5.1821	5.2036	13970095	74951472
20141210	000000	5.1357	5.4357	5.1357	5.4071	15223085	80410960
20141211	000000	5.3929	5.5000	5.3536	5.4750	14907282	81053024
20141212	000000	5.4357	5.5214	5.4357	5.5071	30529624	167628144
20141215	000000	5.5036	5.6000	5.4679	5.5964	19864964	110173560
20141216	000000	5.6036	5.6143	5.5500	5.6071	16159977	90163848
20141217	000000	5.5964	5.5964	5.5000	5.5643	18032894	100214600
20141218	000000	5.5429	5.6036	5.5000	5.5786	11808235	65865476
20141219	000000	5.5536	5.5893	5.4286	5.5286	17804302	98369264
20141222	000000	5.4821	5.5250	5.2857	5.3179	17497436	93968320
20141223	000000	5.2857	5.3464	5.1893	5.2000	11713015	61813640
20141224	000000	5.1750	5.2679	5.1750	5.2679	16999218	89097760
20141225	000000	5.2607	5.3714	5.2571	5.3714	16919296	89953272
20141226	000000	5.3679	5.4286	5.3321	5.4250	7809647	42067392
20141229	000000	5.4250	5.4571	5.3250	5.3429	17881302	96052120
20141230	000000	5.3393	5.3679	5.2464	5.2500	29065734	153644656
20141231	000000	5.2821	5.3929	5.2143	5.3179	15350765	81021192
20150105	000000	5.3750	5.4321	5.3071	5.4036	8275500	44496796
20150106	000000	5.3571	5.4893	5.3214	5.4857	7327280	39749072
20150107	000000	5.5321	5.5321	5.4357	5.4893	4172458.75	22823390
20150108	000000	5.4857	5.4964	5.4107	5.4393	4988003.50	27263920
20150109	000000	5.3964	5.4964	5.3964	5.4107	10678969	58281120
20150112	000000	5.4000	5.4000	5.3071	5.3321	8069129	43090392
20150113	000000	5.3071	5.4286	5.2500	5.4071	13722351	73865112
20150114	000000	5.3750	5.4250	5.3500	5.3857	14548698	78568608
20150115	000000	5.3786	5.4821	5.3000	5.4750	11866477	64335488
20150116	000000	5.4643	5.5250	5.4286	5.5250	11673809	63920876
20150119	000000	5.3571	5.4786	5.2286	5.2857	11929231	64446204
20150120	000000	5.3107	5.4714	5.3071	5.4714	6428379.50	34732312
20150121	000000	5.4964	5.6143	5.4857	5.6071	11193514	62258180
20150122	000000	5.6321	5.7143	5.6107	5.7000	14183701	80211504
20150123	000000	5.7071	5.7500	5.6143	5.6464	7855993	44441820
20150126	000000	5.6393	5.7714	5.6250	5.7679	13509108	77197616
20150127	000000	5.7750	5.7964	5.6750	5.7821	14312871	82334592
20150128	000000	5.7214	5.8179	5.7214	5.7536	22180500	128301128
20150129	000000	5.7214	5.7571	5.6821	5.7179	10655763	61080972
20150130	000000	5.7071	5.7536	5.6464	5.6500	16381466	93123464
20150202	000000	5.6250	5.6714	5.5571	5.6250	9393467	52778920
20150203	000000	5.6393	5.7393	5.6393	5.7286	12306228	70039936
20150204	000000	5.7286	5.7536	5.6929	5.7000	9379478	53682696
20150205	000000	5.7857	5.8143	5.6571	5.6607	24885894	142636096
20150206	000000	5.6607	5.6714	5.5214	5.5500	21187526	118369768
20150209	000000	5.5536	5.5679	5.5000	5.5179	10797740	59727836
20150210	000000	5.4857	5.5893	5.4857	5.5857	7935849	43966972
20150211	000000	5.5893	5.6571	5.5893	5.6464	11424856	64409420
20150212	000000	5.6607	5.7000	5.6500	5.6929	6672875.50	37789808
20150213	000000	5.7107	5.8143	5.7107	5.7821	16655406	96269960
20150216	000000	5.7821	5.9000	5.7821	5.8964	10670049	62336384
20150217	000000	5.9107	5.9500	5.8857	5.9250	9243499	54598560
20150225	000000	5.9321	5.9643	5.8929	5.9107	15854046	94053632
20150226	000000	5.9071	5.9857	5.9036	5.9821	16953372	100551784
20150227	000000	6.0000	6.0429	5.9750	6.0429	12673404	76212408
20150302	000000	6.0750	6.1750	6.0536	6.1714	17807690	108747632
20150303	000000	6.1143	6.2214	6.1071	6.1286	31772146	195340096
20150304	000000	6.0893	6.2500	6.0893	6.2464	25447684	157014656
20150305	000000	6.2250	6.2464	6.1536	6.2321	20231386	125268600
20150306	000000	6.2107	6.2464	6.1321	6.1429	22797766	141026288
20150309	000000	6.0857	6.2464	6.0750	6.2464	18802514	115801224
20150310	000000	6.2393	6.3143	6.2143	6.2821	10290380	64477192
20150311	000000	6.2964	6.2964	6.2429	6.2786	11921760	74840336
20150312	000000	6.2893	6.2964	6.2214	6.2714	16007643	100240736
20150313	000000	6.2786	6.3500	6.2714	6.3500	15337200	96779616
20150316	000000	6.3750	6.5571	6.3750	6.5536	17710254	114377608
20150317	000000	6.5607	6.6786	6.5357	6.6429	25131588	165818240
20150318	000000	6.6429	6.7607	6.6214	6.7464	24732240	165464288
20150319	000000	6.7429	6.8143	6.6964	6.8143	16053169	108620984
20150320	000000	6.8036	6.8857	6.7857	6.8750	25972806	178092400
20150323	000000	6.9107	7.1500	6.9036	7.1393	16291468	113987232
20150324	000000	7.0893	7.1071	6.8214	7.0750	22725222	159261328
20150325	000000	7.0429	7.1929	7.0179	7.1393	17470360	124227048
20150326	000000	7.0821	7.2143	7.0036	7.0821	12787246	90915720
20150327	000000	7.0679	7.2214	7.0679	7.1964	17429292	124794320
20150330	000000	7.2357	7.3536	7.2000	7.3214	15450880	112300728
20150331	000000	7.3393	7.3750	7.2357	7.2929	11310765	82611640
20150401	000000	7.2857	7.5179	7.2786	7.4821	9687101	71687848
20150402	000000	7.5357	7.6357	7.4964	7.6143	8658450	65416400
20150403	000000	7.5607	7.7393	7.5107	7.7286	16350083	124760232
20150407	000000	7.8214	8.2107	7.7536	7.9250	18220052	143969728
20150408	000000	7.9250	7.9893	7.6679	7.8107	13446915	105423568
20150409	000000	7.7929	7.8071	7.4679	7.7714	44545268	339752096
20150410	000000	7.7321	8.0321	7.6821	8.0107	10553277	83147160
20150413	000000	7.7321	8.0321	7.6821	8.0107	10553277	83147160
20150414	000000	7.7321	8.0321	7.6821	8.0107	10553277	83147160
20150415	000000	8.1000	8.1000	7.7900	7.8180	26064500	206869408
20150416	000000	7.8000	7.9600	7.4800	7.8870	17580610	137379824
20150417	000000	7.8970	8.0000	7.8870	7.9410	31120580	247681104
20150420	000000	7.8000	8.0090	7.7800	7.8210	13748664	109115936
20150421	000000	7.8200	8.1100	7.8010	8.1000	84828192	683870592
20150422	000000	8.1300	8.3680	8.1250	8.3500	16358122	135509744
20150423	000000	8.3610	8.4520	8.2820	8.4030	14309041	119868600
20150424	000000	8.3000	8.4670	8.1510	8.4320	17412000	146273632
20150427	000000	8.4300	8.5970	8.4180	8.5240	9990009	85235344
20150428	000000	8.5470	8.6000	8.1820	8.2690	16930010	141582784
20150429	000000	8.2020	8.4690	8.2000	8.4490	12421478	103711856
20150430	000000	8.4550	8.5850	8.4550	8.5030	7692198	65666368
20150504	000000	8.5010	8.5810	8.4270	8.5610	7091154	60476352
20150505	000000	8.5300	8.5300	8.1880	8.2400	28832600	239602304
20150506	000000	8.2550	8.4220	8.0000	8.0990	30830790	255243296
20150507	000000	8.0460	8.1080	7.9250	7.9290	13299405	106528416
20150508	000000	7.9400	8.7210	7.9400	8.2800	21092990	171825696
20150511	000000	8.4500	8.7160	8.3070	8.7140	20985080	178172096
20150512	000000	8.7190	8.8970	8.6230	8.8160	19823050	173278096
20150513	000000	8.6700	8.9700	8.6700	8.8970	12892251	114074064
20150514	000000	8.8700	8.9240	8.7700	8.8620	8913055	78837192
20150515	000000	8.8480	8.8690	8.6700	8.8120	12973970	113666368
20150518	000000	8.7900	8.9960	8.7460	8.9790	10252076	91308968
20150519	000000	8.9910	9.2800	8.9440	9.2070	16837080	153505760
20150520	000000	9.2650	9.5480	9.2400	9.3630	20207070	190221600
20150521	000000	9.3910	9.7980	9.3700	9.7880	23065470	219267392
20150522	000000	9.8500	10.0000	9.5000	9.9210	33633440	328899584
20150525	000000	9.7000	10.1400	9.6930	10.1010	14358136	142554288
20150526	000000	10.1010	10.5500	10.1010	10.5030	25895320	267713600
20150527	000000	10.5450	10.7290	10.2470	10.6190	22814610	239115104
20150528	000000	10.6090	10.7350	9.9110	9.9330	19901330	208789296
20150529	000000	10.0000	10.4200	9.5510	10.1360	25083260	251134896
20150601	000000	10.0780	10.8800	9.9990	10.7780	45044040	471801600
20150602	000000	10.7790	11.0700	10.6700	11.0640	210890800	2285753088
20150603	000000	11.0340	11.1900	10.6860	10.9890	112875840	1240404736
20150604	000000	10.9640	11.0880	9.8900	11.0100	282003904	3002696960
20150605	000000	11.0000	11.2890	10.9000	11.2680	41887480	466999616
20150608	000000	11.1990	11.1990	10.8310	11.0420	30937800	340542112
20150609	000000	10.9440	11.1180	10.9210	11.1050	17116920	188751504
20150610	000000	11.0860	11.5500	10.9320	11.2900	13566858	152519296
20150611	000000	11.3020	11.5880	11.1990	11.5880	9320186	105834848
20150612	000000	11.5000	11.9900	11.5000	11.7000	9968633	116240464
20150615	000000	11.7990	11.8200	11.3920	11.4340	10373760	120375856
20150616	000000	11.2500	11.3000	10.8800	10.9850	15216960	168673696
20150617	000000	10.9600	11.5000	10.6030	11.2300	26094600	283227808
20150618	000000	11.1990	11.2780	10.8000	10.8440	11789172	131048272
20150619	000000	10.4320	10.6720	10.0140	10.1410	30872840	323229696
20150623	000000	10.1000	10.1710	9.5100	10.1390	108596520	1076017536
20150624	000000	10.1400	10.3510	9.9750	10.2980	35037400	358324512
20150625	000000	10.3010	10.4100	9.8020	9.9770	21775990	223673200
20150626	000000	9.6500	9.8500	8.9790	8.9790	15996864	149482048
20150629	000000	9.1700	9.2990	8.0810	8.4520	63898620	553626880
20150630	000000	8.1000	9.1420	7.8480	9.0950	102622240	865843712
20150701	000000	8.7150	9.1110	8.3000	8.3620	51787920	461663616
20150702	000000	8.3100	8.5700	7.7770	8.0000	271095104	2180762880
20150703	000000	7.8690	7.9900	7.2300	7.4090	438868000	3277174016
20150706	000000	8.1500	8.1500	6.6900	7.4090	1052645632	7673046016
20150707	000000	7.2000	7.2000	6.6680	6.8310	545928832	3766227968
20150708	000000	6.1480	6.6680	6.1480	6.1480	146024752	907670528
20150709	000000	5.9010	6.7630	5.9010	6.7630	65094880	429627488
20150710	000000	7.1800	7.4390	6.9630	7.4390	90096160	665493632
20150713	000000	7.7570	8.1830	7.5000	8.1830	220199600	1749788032
20150714	000000	7.8000	8.4190	7.8000	7.8860	139388320	1120809472
20150715	000000	7.8000	7.8700	7.1630	7.2020	160074672	1221399936
20150716	000000	7.1100	7.7450	6.9510	7.5900	95922440	719193216
20150717	000000	7.6600	8.1500	7.6280	8.0770	61022520	483314400
20150720	000000	8.0730	8.2890	7.9400	8.1140	114078520	927977024
20150721	000000	7.9600	8.3160	7.9000	8.2460	65820800	539651328
20150722	000000	8.2320	8.3990	8.1100	8.3570	65524380	542408512
20150723	000000	8.3660	8.6920	8.3360	8.6510	48471940	414185088
20150724	000000	8.7020	8.8000	8.3900	8.4710	36115160	312404416
20150727	000000	8.2590	8.5520	7.7100	7.7290	89498840	733905472
20150728	000000	7.6000	7.9490	7.3200	7.7010	52541700	398479104
20150729	000000	7.7500	8.1700	7.5150	8.1480	50008240	387843296
20150730	000000	8.0670	8.3840	7.8000	7.8540	39454000	319515712
20150731	000000	7.7880	8.0000	7.6930	7.7680	42175980	329580096
20150803	000000	7.6920	7.7240	7.3820	7.5070	27720860	209044304
20150804	000000	7.6100	8.0770	7.5510	8.0580	43440280	340617216
20150805	000000	8.0000	8.1000	7.8500	7.8910	48567360	388779712
20150806	000000	7.7550	8.0280	7.5780	7.8420	27588730	216981200
20150807	000000	7.9510	8.1170	7.9240	8.1030	42530660	342391296
20150810	000000	8.2010	8.5800	8.1300	8.5560	51329120	429289888
20150811	000000	8.5000	8.6180	8.4150	8.5260	48749800	415915808
20150812	000000	8.4180	8.5600	8.3780	8.3860	33685140	285483296
20150813	000000	8.3860	8.6500	8.3000	8.5920	56782240	480631616
20150814	000000	8.7250	8.8000	8.6110	8.6740	39592600	344419904
20150817	000000	8.6400	8.9220	8.6240	8.9200	49014152	430926592
20150818	000000	8.9310	8.9500	8.0490	8.1590	75766864	643476416
20150819	000000	7.9030	8.4980	7.7450	8.4340	69406800	559315520
20150820	000000	8.3010	8.4600	8.0800	8.1040	38709560	319729088
20150821	000000	8.0310	8.0760	7.6700	7.6980	72140872	568242624
20150824	000000	7.4000	7.4900	6.9280	6.9280	51764880	368554592
20150825	000000	6.5710	6.8580	6.2350	6.2350	49028220	318953888
20150826	000000	6.2350	6.6940	6.1370	6.2360	45011320	289294400
20150827	000000	6.4000	6.5480	6.1000	6.5000	43011592	274730688
20150828	000000	6.6150	6.9200	6.4810	6.8910	51362100	342252096
20150831	000000	6.8250	6.8250	6.5700	6.6210	42278600	282270112
20150901	000000	6.5000	6.5000	6.1600	6.1660	20087540	126325592
20150902	000000	5.8500	6.4860	5.7600	6.0110	52556360	321460192
20150907	000000	6.1680	6.4300	6.1120	6.1580	37480360	235914400
20150908	000000	6.0500	6.5830	6.0150	6.4950	63466440	399271712
20150909	000000	6.5170	6.7460	6.4840	6.6820	90498600	598515968
20150910	000000	6.6090	6.6580	6.5000	6.5090	30491650	200436800
20150911	000000	6.5090	6.6190	6.4320	6.5590	30302490	198251808
20150914	000000	6.5710	6.6160	5.9030	5.9980	47148560	291601408
20150915	000000	5.9000	5.9980	5.6970	5.7010	36963432	216563504
20150916	000000	5.7310	6.2710	5.7260	6.1910	48025400	288597312
20150917	000000	6.1670	6.3010	6.0300	6.0440	51709640	320134688
20150918	000000	6.0210	6.1650	5.9560	6.1250	18987900	115260816
20150921	000000	6.0400	6.3990	6.0000	6.3930	39301120	245605600
20150922	000000	6.4120	6.4850	6.3000	6.3660	51246472	328505216
20150923	000000	6.2430	6.3500	6.2080	6.2720	25606080	160921328
20150924	000000	6.2980	6.4220	6.2860	6.3590	21237480	135055120
20150925	000000	6.3050	6.3800	6.0800	6.1200	29010310	179699504
20150928	000000	6.1920	6.2990	6.0630	6.2910	11890439	73714384
20150929	000000	6.1500	6.2580	6.1420	6.2250	14783736	91822568
20150930	000000	6.2300	6.2850	6.1820	6.2310	5978382	37248460
20151008	000000	6.5500	6.5770	6.4200	6.4890	29331280	189929408
20151009	000000	6.4700	6.5970	6.4340	6.5650	22121440	143958064
20151012	000000	6.6170	6.9500	6.6170	6.8480	46229840	313600288
20151013	000000	6.7550	6.9420	6.7480	6.9100	27127220	185685696
20151014	000000	6.9030	6.9600	6.8080	6.8520	23162060	159342576
20151015	000000	6.8300	7.1100	6.8250	7.1070	30212180	211965200
20151016	000000	7.1430	7.2000	7.0500	7.1790	47452940	338290304
20151019	000000	7.2000	7.2500	7.0940	7.2200	32735780	234936304
20151020	000000	7.2090	7.2910	7.1100	7.2910	32371820	233424992
20151021	000000	7.2990	7.2990	6.8210	6.8680	40579880	285652288
20151022	000000	6.9300	7.1430	6.8500	7.1100	29186370	204052704
20151023	000000	7.0900	7.3100	7.0810	7.3000	38339040	275684192
20151026	000000	7.3400	7.3800	7.2200	7.2960	31605160	230654304
20151027	000000	7.2260	7.4100	7.0010	7.3610	30648300	220707008
20151028	000000	7.2610	7.3710	7.1000	7.1560	27286720	198384000
20151029	000000	7.1930	7.3150	7.1070	7.2360	27166560	195938000
20151030	000000	7.2360	7.3510	7.1050	7.2300	17878890	129310272
20151102	000000	7.1800	7.2990	7.0610	7.0840	16899770	121280360
20151103	000000	7.0910	7.1700	7.0180	7.0500	14473247	102419848
20151104	000000	7.0760	7.5160	7.0760	7.5120	38911940	285759616
20151105	000000	7.4990	7.5820	7.4120	7.4900	25518560	191496496
20151106	000000	7.4600	7.7210	7.4600	7.6730	34024752	259841504
20151109	000000	7.6300	7.8100	7.5570	7.7630	29958830	230364096
20151110	000000	7.7010	7.8410	7.6820	7.7680	27641610	215062400
20151111	000000	7.7650	7.9240	7.7100	7.9220	16446362	128601616
20151112	000000	7.9240	7.9800	7.8010	7.9460	18378270	145345248
20151113	000000	7.8400	7.9450	7.6640	7.7830	12386974	96822008
20151116	000000	7.6800	7.9810	7.6110	7.9790	13161475	102959024
20151117	000000	8.0550	8.1200	7.8440	7.8490	15873998	126438816
20151118	000000	7.8760	7.9270	7.7050	7.7290	10786631	84599024
20151119	000000	7.6800	7.9850	7.6800	7.9790	21487510	169348192
20151120	000000	7.9800	8.0680	7.9500	8.0480	14470942	115930520
20151123	000000	8.0220	8.1220	7.9500	7.9600	32759970	263817792
20151124	000000	7.9600	8.0580	7.8500	8.0550	19316970	153704208
20151125	000000	8.0530	8.1700	8.0200	8.1670	16916150	136986912
20151126	000000	8.1920	8.2080	8.0800	8.0920	10815915	88282176
20151127	000000	8.0370	8.0890	7.4890	7.6080	40070840	311748896
20151130	000000	7.5810	7.7180	7.2310	7.6010	25571700	19146000S