20130906	000000	94.2200	94.5400	94.1400	94.1700	34248	3231067
20130909	000000	94.1560	94.1560	93.8580	93.9060	11831	1111516
20130910	000000	93.8700	93.9160	93.8060	93.8420	5375	504554
20130911	000000	93.7180	93.7800	93.4940	93.5980	8830	826583
20130912	000000	93.5900	93.8300	93.5900	93.7280	8379	785382
20130913	000000	93.7000	93.8460	93.6780	93.7640	6901	647038
20130916	000000	93.7640	93.9380	93.7400	93.8540	3850	361329
20130917	000000	93.8700	94.5580	93.8420	94.2340	22275	2098985
20130918	000000	94.2500	94.3780	94.1000	94.2060	10692	1007517
20130923	000000	94.5500	94.5920	94.2700	94.3500	7345	693197
20130924	000000	94.3120	94.4000	94.2420	94.3400	5063	477509
20130925	000000	94.3500	94.5500	94.3500	94.4200	8207	775134
20130926	000000	94.4480	94.6140	94.4480	94.5720	5405	511069
20130927	000000	94.5500	94.5520	94.3000	94.3460	4453	420225
20130930	000000	94.3460	94.5000	94.2020	94.4620	3515	331884
20131008	000000	94.5200	94.5460	94.4020	94.4120	2399	226580
20131009	000000	94.3300	94.4000	94.2820	94.3620	1869	176301
20131010	000000	94.3620	94.4460	94.2800	94.3500	1506	142100
20131011	000000	94.3500	94.3500	94.2200	94.2900	1730	163110
20131014	000000	94.2780	94.2800	93.9820	94.1180	2493	234614
20131015	000000	94.0920	94.1160	93.8500	93.9480	2242	210623
20131016	000000	93.8560	94.1000	93.8400	94.0120	3253	305679
20131017	000000	94.0000	94.0400	93.8980	93.9260	1616	151793
20131018	000000	93.9240	93.9460	93.8120	93.8860	1002	94066
20131021	000000	93.8860	93.9480	93.8140	93.8580	1068	100261
20131022	000000	93.8520	93.8700	93.7160	93.7720	2021	189533
20131023	000000	93.7600	93.8500	93.6860	93.8120	1846	173147
20131024	000000	93.8000	93.8200	93.5560	93.6000	2129	199399
20131025	000000	93.6000	93.6880	93.5060	93.6880	2209	206755
20131028	000000	93.6700	93.7580	93.6420	93.6700	1640	153662
20131029	000000	93.6580	93.7680	93.5040	93.5040	2602	243641
20131030	000000	93.5260	93.5720	93.4520	93.5400	1873	175141
20131031	000000	93.5380	93.7560	93.5200	93.7400	2171	203337
20131101	000000	93.7660	93.9200	93.7660	93.8360	1713	160746
20131104	000000	93.8500	93.8600	93.5440	93.6320	2025	189746
20131105	000000	93.6420	93.6420	93.3880	93.4740	2428	226978
20131106	000000	93.4840	93.5140	93.3380	93.3620	1932	180470
20131107	000000	93.3100	93.4380	92.8180	92.8280	4139	385083
20131108	000000	92.8000	92.8000	91.7180	92.2920	3139	290365
20131111	000000	92.3900	92.3900	91.6160	91.7300	3901	358326
20131112	000000	91.7700	92.3740	91.7700	92.0960	5568	513259
20131113	000000	92.0980	92.1000	91.5700	91.8200	3586	329053
20131114	000000	91.8000	91.9060	91.4060	91.6300	3516	322239
20131115	000000	91.6000	91.6000	91.2620	91.3180	3633	331940
20131118	000000	91.3440	91.4840	90.9660	91.3420	3387	309156
20131119	000000	91.3700	91.6420	90.9300	90.9400	3584	326964
20131120	000000	90.8900	91.1940	90.8000	91.0920	3919	356835
20131121	000000	91.1160	91.3960	91.1160	91.3960	3405	310848
20131122	000000	91.4000	91.7880	91.3000	91.6040	2804	256744
20131125	000000	91.6040	91.8600	91.2240	91.3080	1858	169771
20131126	000000	91.3440	91.4000	91.1100	91.3740	1295	118170
20131127	000000	91.3840	91.8780	91.3840	91.7660	2363	216628
20131128	000000	91.8460	91.9700	91.5560	91.8880	1268	116349
20131129	000000	92.6000	92.8000	92.5000	92.6000	3391	314139
20131202	000000	92.5060	92.5880	92.0300	92.0720	2156	198736
20131203	000000	92.1000	92.3300	91.8500	92.2860	3309	304887
20131204	000000	92.3000	92.6000	92.0000	92.1000	3297	304561
20131205	000000	92.0380	92.2460	91.8100	91.8240	3606	331816
20131206	000000	91.8400	91.9660	91.7560	91.9180	1851	170059
20131209	000000	91.8560	92.0900	91.6700	91.6880	1850	169807
20131210	000000	91.6600	91.6700	91.3000	91.3080	3041	278091
20131211	000000	91.3000	91.5000	91.1840	91.4600	3850	351760
20131212	000000	91.5500	91.8880	91.5040	91.7820	4140	379539
20131213	000000	91.8500	92.0460	91.7940	91.9140	3247	298462
20131216	000000	91.8780	91.8780	91.4500	91.4520	1888	172920
20131217	000000	91.4320	91.5940	91.3540	91.5900	2268	207433
20131218	000000	91.5500	91.5900	91.2560	91.4360	2586	236419
20131219	000000	91.4000	91.4180	91.1860	91.3740	2991	273044
20131220	000000	91.4960	91.5000	91.2660	91.3860	1946	177825
20131223	000000	91.3800	91.8000	91.2920	91.7020	3675	336508
20131224	000000	91.7460	91.9980	91.5860	91.6500	3551	325925
20131225	000000	91.6460	91.8200	91.6100	91.7920	2038	186969
20131226	000000	91.7900	91.8400	91.6160	91.6700	1701	156028
20131227	000000	91.6680	91.6700	91.4260	91.5600	1881	172178
20131230	000000	91.5600	91.8940	91.5600	91.7980	1937	177756
20131231	000000	91.7500	91.8520	91.5060	91.8020	2990	274167
20140102	000000	91.7960	91.7960	91.3380	91.3500	2350	215106
20140103	000000	91.3000	91.3840	91.1300	91.3060	3186	290804
20140106	000000	91.3000	91.4000	91.1520	91.2200	2263	206637
20140107	000000	91.2000	91.5020	91.2000	91.4400	2733	249801
20140108	000000	91.4860	91.7420	91.4020	91.6960	2670	244578
20140109	000000	91.7460	91.8360	91.4140	91.5020	2759	252903
20140110	000000	91.4560	91.7500	91.4560	91.5420	2725	249635
20140113	000000	91.5420	91.6000	91.4340	91.4660	1421	130037
20140114	000000	91.4580	91.5400	91.4360	91.4820	1388	126987
20140115	000000	91.5380	91.8600	91.5040	91.8160	3614	331482
20140116	000000	91.8400	91.8480	91.6180	91.6400	1758	161294
20140117	000000	91.6060	91.6700	91.5460	91.6300	1525	139701
20140120	000000	91.6100	91.7840	91.5600	91.7820	1487	136347
20140121	000000	91.9000	92.2800	91.9000	92.0900	3202	294918
20140122	000000	92.1500	92.3760	92.1220	92.2220	2290	211200
20140123	000000	92.2360	92.3200	92.0620	92.0760	1854	170906
20140124	000000	92.0580	92.1980	91.9940	92.1980	1384	127495
20140127	000000	92.3520	92.5260	92.2520	92.5120	2890	267064
20140128	000000	92.5300	92.5300	92.2500	92.3340	1905	175906
20140129	000000	92.2900	92.5600	92.2680	92.4020	1258	116201
20140130	000000	92.4020	92.4020	92.2000	92.2540	716	66082
20140207	000000	92.2540	92.5400	92.2540	92.5140	1126	104092
20140210	000000	92.5200	92.6960	92.3200	92.3300	1665	153977
20140211	000000	92.3700	92.5600	92.2700	92.5260	2336	215964
20140212	000000	92.5800	92.6200	92.4200	92.4480	1716	158761
20140213	000000	92.4980	92.5880	92.4200	92.5840	1271	117606
20140214	000000	92.6200	92.6860	92.4520	92.5360	1428	132128
20140217	000000	92.5000	92.5000	92.2240	92.2640	1527	141031
20140218	000000	92.2000	92.2040	91.9120	91.9180	2375	218715
20140219	000000	91.9880	92.0400	91.8020	91.8320	2105	193426
20140220	000000	91.8160	91.9340	91.7560	91.8920	1623	149099
20140221	000000	91.9540	91.9780	91.7820	91.9500	854	78497
20140224	000000	92.5420	92.7420	92.5280	92.6920	1241	115020
20140225	000000	92.6800	93.1440	92.6500	93.0800	2054	190775
20140226	000000	93.1020	93.1280	92.8440	92.8860	1690	157048
20140227	000000	93.1200	93.6160	93.1100	93.1820	2508	233936
20140228	000000	93.1820	93.2460	92.9980	93.2380	2031	189178
20140303	000000	93.1960	93.3780	92.9020	92.9580	1786	166271
20140304	000000	92.9060	93.0780	92.5660	92.6100	2133	197902
20140305	000000	92.8880	93.0820	92.4800	92.5060	3598	333538
20140306	000000	92.4560	92.7160	92.3820	92.6920	2557	236779
20140307	000000	92.7840	92.7840	92.5320	92.5800	1307	121100
20140310	000000	92.6500	92.8460	92.5960	92.7240	1984	183950
20140311	000000	92.7320	92.7980	92.6340	92.6880	1539	142659
20140312	000000	92.7460	92.7880	92.5020	92.7380	1678	155533
20140313	000000	92.7000	92.9820	92.6800	92.8980	2142	198815
20140314	000000	92.8980	93.0400	92.8660	92.9720	1390	129219
20140317	000000	92.9060	92.9800	92.7080	92.8300	1113	103370
20140318	000000	92.7980	92.8680	92.5500	92.6000	1766	163669
20140319	000000	92.5880	92.6620	92.4560	92.6200	1724	159577
20140320	000000	92.5560	92.7420	92.5100	92.6280	1603	148505
20140321	000000	92.6600	92.7480	92.6120	92.6540	1069	99087
20140324	000000	92.6780	92.7140	92.6020	92.6160	607	56237
20140325	000000	92.6320	92.6700	92.4780	92.6480	1382	127904
20140326	000000	92.6420	92.6420	92.5100	92.5660	1063	98396
20140327	000000	92.5660	92.5700	92.4500	92.5360	942	87148
20140328	000000	92.5120	92.5800	92.5000	92.5300	520	48116
20140331	000000	92.5060	92.5660	92.4920	92.5460	571	52828
20140401	000000	92.5460	92.5460	92.3660	92.4080	1557	143947
20140402	000000	92.3600	92.4260	92.1600	92.1640	2082	192148
20140403	000000	92.1000	92.1000	91.9480	91.9780	2366	217704
20140404	000000	92.0300	92.1580	92.0120	92.0200	1214	111805
20140408	000000	92.0840	92.0960	91.9200	92.0300	1012	93106
20140409	000000	92.0960	92.1100	91.9900	92.1000	1049	96562
20140410	000000	92.0980	92.2680	92.0700	92.2580	1193	109967
20140411	000000	92.2300	92.4160	92.2200	92.3840	1270	117279
20140414	000000	92.3840	92.6080	92.3300	92.5660	1537	142184
20140415	000000	92.5620	92.5740	92.4560	92.5200	840	77719
20140416	000000	92.5200	92.5760	92.4460	92.4700	1439	133142
20140417	000000	92.7000	93.0080	92.6360	92.6460	2990	277550
20140418	000000	92.6800	92.8600	92.6720	92.7460	1300	120597
20140421	000000	92.7460	92.8180	92.6760	92.6980	752	69746
20140422	000000	92.7000	92.7000	92.2000	92.5180	1193	110402
20140423	000000	92.6500	92.6700	92.4880	92.5660	922	85332
20140424	000000	92.5580	92.5680	92.4860	92.5120	493	45618
20140425	000000	92.5380	92.5560	92.4800	92.5520	688	63664
20140428	000000	92.5780	92.5980	92.5000	92.5580	584	54051
20140429	000000	92.5580	92.7320	92.5360	92.7160	782	72457
20140430	000000	92.7160	92.8320	92.7160	92.8240	891	82675
20140505	000000	92.7960	92.8320	92.7440	92.8100	539	50024
20140506	000000	92.8000	92.9980	92.7740	92.9640	1508	140158
20140507	000000	92.9660	93.0380	92.9580	92.9920	845	78590
20140508	000000	92.9720	93.0700	92.9500	93.0500	803	74685
20140509	000000	93.1500	93.4200	93.1320	93.3260	1869	174428
20140512	000000	93.1500	93.3500	93.0820	93.2820	1059	98767
20140513	000000	93.2620	93.3940	93.1000	93.1500	900	83935
20140514	000000	93.0520	93.1640	92.9820	93.0140	1093	101688
20140515	000000	93.0000	93.1420	92.8120	92.9000	824	76634
20140516	000000	93.5000	93.5500	93.4300	93.5180	617	57694
20140519	000000	93.6000	93.6700	93.4500	93.4780	1369	128103
20140520	000000	93.4780	93.5780	93.4660	93.5700	1431	133849
20140521	000000	93.5700	93.6660	93.5560	93.6640	1162	108796
20140522	000000	93.6920	93.8060	93.6000	93.6420	1665	156022
20140523	000000	93.6820	93.6820	93.5200	93.6420	1066	99782
20140526	000000	93.6820	93.7300	93.6000	93.6640	675	63212
20140527	000000	93.6780	93.8960	93.6660	93.8900	2420	226998
20140528	000000	93.9000	94.3000	93.9000	94.2680	3268	307750
20140529	000000	94.2060	94.4160	94.0840	94.2340	3474	327460
20140530	000000	94.2500	94.6680	94.2280	94.6140	3066	289460
20140603	000000	94.8040	94.8180	94.4800	94.6520	3486	329833
20140604	000000	94.6880	94.9880	94.6680	94.9720	4829	457991
20140605	000000	94.9500	94.9500	94.3560	94.3800	8473	801499
20140606	000000	94.5100	94.5380	94.2720	94.4040	3600	339939
20140609	000000	94.3300	94.5500	94.3260	94.5160	2191	206924
20140610	000000	94.6120	94.7500	94.4100	94.4160	3990	377398
20140611	000000	94.4000	94.5460	94.3560	94.4920	2194	207280
20140612	000000	94.5000	94.5200	94.3800	94.3800	1348	127287
20140613	000000	94.3720	94.4700	94.2060	94.4300	2430	229152
20140616	000000	94.4000	94.7360	94.3980	94.6900	2806	265495
20140617	000000	94.7500	94.8180	94.4060	94.5200	3586	339241
20140618	000000	94.5120	94.5600	94.3700	94.5200	2140	202115
20140619	000000	94.5300	94.6000	94.4020	94.5000	1235	116699
20140620	000000	94.5000	95.7960	94.4580	94.5440	1579	149282
20140623	000000	94.5820	94.5860	94.4220	94.5240	947	89489
20140624	000000	94.5340	94.5960	94.4820	94.5180	679	64199
20140625	000000	94.5020	94.5460	94.4400	94.4680	789	74552
20140626	000000	94.4780	94.5800	94.4400	94.4900	928	87711
20140627	000000	94.5000	94.5400	94.4700	94.5060	526	49713
20140630	000000	94.5060	94.5120	94.3580	94.4280	910	85919
20140701	000000	94.4500	94.4820	93.9340	93.9800	2810	264471
20140702	000000	93.9860	94.0860	93.8060	93.8160	2373	222844
20140703	000000	93.8020	93.8380	93.5400	93.5620	2311	216583
20140704	000000	93.5280	93.8000	93.3000	93.7660	3535	330801
20140707	000000	93.7500	93.8560	93.6600	93.6700	1261	118213
20140708	000000	93.6860	93.7560	93.6080	93.6920	931	87220
20140709	000000	93.6940	93.7500	93.6260	93.6500	648	60707
20140710	000000	93.6700	93.7300	93.4180	93.7060	769	72030
20140711	000000	93.6900	93.8180	93.6900	93.7860	834	78208
20140714	000000	93.7860	93.7860	93.5640	93.5960	898	84090
20140715	000000	93.5700	93.6480	93.3680	93.4020	1556	145434
20140716	000000	93.3720	93.4040	93.1520	93.1800	1999	186409
20140717	000000	93.1800	93.1800	92.8800	92.9040	2553	237390
20140718	000000	92.8980	93.0280	92.6840	93.0000	2691	249931
20140721	000000	92.9580	93.0800	92.8820	93.0580	1102	102490
20140722	000000	93.0640	93.2020	93.0360	93.0360	1583	147415
20140723	000000	93.0360	93.0380	92.9060	92.9400	1141	106077
20140724	000000	92.9440	93.0380	92.8580	92.9840	1993	185234
20140725	000000	93.0160	93.2880	92.9800	93.2700	1770	164787
20140728	000000	93.2080	93.2760	93.0480	93.0720	1582	147333
20140729	000000	93.0860	93.0860	92.9020	93.0400	1689	157075
20140730	000000	93.0120	93.0800	92.9560	93.0320	1175	109329
20140731	000000	92.9740	93.2240	92.9020	93.1580	2234	208019
20140801	000000	93.1200	93.3340	93.1180	93.3120	1951	181933
20140804	000000	93.2680	93.3700	93.1900	93.2660	1182	110224
20140805	000000	93.2800	93.2800	93.1300	93.2000	1454	135487
20140806	000000	93.2760	93.3700	92.9520	93.0600	3641	339430
20140807	000000	93.0640	93.1340	93.0080	93.0360	1221	113612
20140808	000000	93.0460	93.0680	92.9720	92.9900	909	84542
20140811	000000	92.9980	93.0580	92.9380	92.9700	1339	124499
20140812	000000	92.9600	92.9780	92.6460	92.6960	1388	128885
20140813	000000	92.7880	93.0140	92.6400	93.0080	2746	254956
20140814	000000	93.6120	93.8500	93.6120	93.7400	2899	271735
20140815	000000	93.8000	93.8760	93.7500	93.8360	2205	206857
20140818	000000	93.8400	93.8520	93.6560	93.6960	1593	149326
20140819	000000	93.6960	93.7060	93.3700	93.4520	2345	219329
20140820	000000	93.4000	93.5500	93.2520	93.5200	2427	226734
20140821	000000	93.5220	93.6820	93.5180	93.5720	1800	168472
20140822	000000	93.5600	93.6960	93.5360	93.6600	1135	106255
20140825	000000	93.6480	93.6500	93.5540	93.6060	474	44369
20140826	000000	93.5980	93.7860	93.5240	93.7600	1449	135799
20140827	000000	93.7600	93.9480	93.7100	93.8700	2019	189491
20140828	000000	93.9480	93.9500	93.7500	93.7780	1823	171039
20140829	000000	93.7500	93.8380	93.6700	93.7000	1006	94331
20140901	000000	93.7000	93.7800	93.6020	93.7400	958	89783
20140902	000000	93.8000	93.8100	93.5000	93.6100	1342	125751
20140903	000000	93.5900	93.7000	93.3980	93.4580	2493	233073
20140904	000000	93.4040	93.4440	93.3500	93.3600	1744	162870
20140905	000000	93.3760	93.4700	93.3600	93.3800	1950	182129
20140909	000000	93.4500	93.5080	93.3800	93.4900	1378	128780
20140910	000000	93.5300	93.5300	93.3320	93.3700	1352	126283
20140911	000000	93.3720	93.4680	93.3020	93.4060	1097	102461
20140912	000000	93.4040	93.4600	93.3720	93.4480	670	62594
20140915	000000	93.6360	93.7180	93.5640	93.5800	1850	173211
20140916	000000	93.6080	93.6180	93.5060	93.5800	1213	113488
20140917	000000	93.8000	93.9000	93.6420	93.6940	3833	359291
20140918	000000	93.7540	94.3240	93.6800	94.3060	5734	539215
20140919	000000	94.3500	94.7620	94.3160	94.7020	5979	565365
20140922	000000	94.7000	94.8500	94.4600	94.7140	4499	425908
20140923	000000	94.8020	94.9000	94.4000	94.4260	4770	451355
20140924	000000	94.4200	94.5140	94.2780	94.4060	2764	260896
20140925	000000	94.4000	94.6840	94.2820	94.5940	2641	249458
20140926	000000	94.5800	94.6160	94.4000	94.4480	1508	142512
20140929	000000	94.6260	94.7880	94.6000	94.6980	1618	153218
20140930	000000	94.7240	94.8000	94.6760	94.7520	1129	106965
20141008	000000	94.6480	94.6480	94.5220	94.5440	1084	102525
20141009	000000	94.5440	94.5500	94.3020	94.5000	1990	187931
20141010	000000	94.4920	94.5900	94.4020	94.4880	718	67833
20141013	000000	94.4960	94.7060	94.4400	94.6500	2092	197833
20141014	000000	94.6960	95.3100	94.5980	95.2220	5813	552212
20141015	000000	95.2800	95.6000	95.2560	95.2900	4620	440920
20141016	000000	95.5500	95.6180	95.2600	95.4380	4304	410855
20141017	000000	95.3420	95.6800	95.3260	95.6560	2798	267273
20141020	000000	95.8000	96.0480	95.7200	95.9960	5031	482425
20141021	000000	96.1400	96.1500	95.6320	95.7000	5236	501801
20141022	000000	95.6660	95.7660	95.3640	95.4440	4355	416176
20141023	000000	95.4000	95.5800	95.3020	95.4920	2711	258805
20141024	000000	95.4520	95.7440	95.3400	95.6320	3782	361413
20141027	000000	95.6320	95.6600	95.5160	95.5300	1989	190106
20141028	000000	95.6120	95.8380	95.5540	95.8280	3738	357777
20141029	000000	95.7920	95.9180	95.6820	95.7600	2800	268287
20141030	000000	95.6800	95.8220	95.3920	95.4320	4856	463897
20141031	000000	95.4400	95.5980	95.4140	95.5340	2652	253359
20141103	000000	95.7500	96.0600	95.7020	95.9100	4195	402213
20141104	000000	95.9100	96.3860	95.8640	96.3340	5006	481368
20141105	000000	96.8800	97.2000	96.6820	97.1720	6454	625661
20141106	000000	97.1360	97.1820	96.9580	97.0600	5274	511899
20141107	000000	97.3200	97.5640	97.2300	97.5240	6617	644756
20141110	000000	97.5240	97.8200	97.2560	97.6560	8188	798969
20141111	000000	97.7580	98.0720	97.2680	97.3440	13127	1283008
20141112	000000	97.4060	97.7500	96.9860	97.2000	12143	1182085
20141113	000000	97.1500	97.3800	96.8300	97.0080	12642	1227467
20141114	000000	97.0140	97.0140	96.6620	96.7100	10820	1047610
20141117	000000	96.7200	96.9800	96.4000	96.4000	8895	859422
20141118	000000	96.3860	97.1100	96.3500	97.0360	13741	1328826
20141119	000000	97.0000	97.1600	96.7020	96.7880	10880	1054546
20141120	000000	96.8680	96.9040	96.5200	96.5500	7498	724684
20141121	000000	96.5400	96.9140	96.2500	96.8300	14546	1405365
20141124	000000	97.8000	97.9000	97.4360	97.5960	12162	1187277
20141125	000000	97.7000	97.7500	97.2020	97.2900	15542	1514726
20141126	000000	97.3980	97.7540	97.1440	97.7540	12292	1197331
20141127	000000	97.7240	97.7500	97.4840	97.6060	9048	883231
20141128	000000	97.6000	97.7260	97.3280	97.5900	9834	959269
20141201	000000	97.5000	97.9200	97.2840	97.5620	11664	1139555
20141202	000000	97.6780	97.6780	97.2900	97.3180	10124	986435
20141203	000000	97.2500	97.2800	96.4300	96.6400	15216	1472805
20141204	000000	96.6000	96.8040	96.0000	96.0080	12914	1244740
20141205	000000	95.9000	95.9000	95.2200	95.6280	17616	1683206
20141208	000000	95.6200	96.0860	95.3700	95.5460	13992	1339952
20141209	000000	94.9000	95.7600	94.5100	95.7000	24902	2370340
20141210	000000	95.7000	95.9960	95.2640	95.9100	13213	1264551
20141211	000000	96.0000	96.1480	95.5000	95.5180	10963	1050707
20141212	000000	95.5000	95.9200	95.4800	95.6500	8174	782912
20141215	000000	95.6480	95.8200	95.5900	95.7560	4875	466561
20141216	000000	95.8120	96.0880	95.7000	96.0060	9753	935771
20141217	000000	95.9000	96.5140	95.7320	96.3960	13325	1281540
20141218	000000	96.4100	96.5000	96.1000	96.4380	9179	883691
20141219	000000	96.4000	96.6000	96.2080	96.5220	9409	907379
20141222	000000	96.4600	96.5220	96.1040	96.4060	6564	632225
20141223	000000	96.4500	96.7900	96.4500	96.7260	6198	599317
20141224	000000	96.7660	97.1400	96.7320	96.8760	9873	957355
20141225	000000	96.8820	97.0200	96.6400	96.6800	8102	784262
20141226	000000	96.6820	96.9900	96.6200	96.8780	6684	647042
20141229	000000	96.9300	97.0000	96.7500	96.8380	4833	468066
20141230	000000	96.8380	96.8500	96.4440	96.4720	8409	812322
20141231	000000	96.4300	96.7980	96.2200	96.7720	7301	704452
20150105	000000	96.7700	96.8500	96.3120	96.7180	8901	859688
20150106	000000	96.6500	96.7200	96.4400	96.5360	4661	449940
20150107	000000	96.5820	96.8540	96.5420	96.5880	5246	507177
20150108	000000	96.5860	96.7920	96.5860	96.6800	4354	420997
20150109	000000	96.7440	96.7860	96.4000	96.6840	6152	594357
20150112	000000	96.6000	96.7400	96.4800	96.7000	3873	374224
20150113	000000	96.7360	97.1340	96.7360	97.0840	6919	670942
20150114	000000	97.1000	97.3000	97.0320	97.1780	7219	701387
20150115	000000	97.2220	97.4480	96.9500	97.1100	6128	595284
20150116	000000	97.2600	97.5120	97.0980	97.4500	7303	711033
20150119	000000	97.5000	97.7000	97.2820	97.3420	7860	766066
20150120	000000	97.3000	97.5780	97.0520	97.5100	6885	670715
20150121	000000	97.4980	97.5900	97.3520	97.4480	5223	509182
20150122	000000	97.5200	97.7380	97.4720	97.6880	6923	676013
20150123	000000	97.8520	97.8800	97.5600	97.6080	4437	433276
20150126	000000	97.6100	97.8180	97.4900	97.8000	4348	424994
20150127	000000	97.9000	97.9500	97.5360	97.5640	6313	617231
20150128	000000	97.4100	97.5980	97.3140	97.5980	6982	680245
20150129	000000	97.5980	97.5980	97.2460	97.2460	4337	422254
20150130	000000	97.2000	97.4000	97.1880	97.2980	4191	407834
20150202	000000	97.3020	97.7000	97.2480	97.6920	6294	613883
20150203	000000	97.6860	97.8180	97.5420	97.7160	4645	453700
20150204	000000	97.7200	97.7500	97.5800	97.6300	4099	400337
20150205	000000	98.5000	98.5220	98.1180	98.1320	5942	583835
20150206	000000	98.1400	98.3360	98.1320	98.2840	5284	519233
20150209	000000	98.3000	98.3840	98.2860	98.3300	3648	358735
20150210	000000	98.3600	98.5260	98.3400	98.5140	8720	858276
20150211	000000	98.5060	98.9640	98.5060	98.9600	12363	1220980
20150212	000000	98.9640	99.1640	98.7540	99.1340	12215	1209001
20150213	000000	99.1200	99.3140	98.9560	99.1700	8436	836335
20150216	000000	99.1660	99.2460	99.0020	99.1900	4518	447903
20150217	000000	99.2880	99.4940	99.1860	99.3900	6004	596480
20150225	000000	99.4280	99.4980	99.2500	99.3920	6382	634144
20150226	000000	99.3700	99.3700	98.9600	99.1500	8571	849388
20150227	000000	99.1020	99.2160	98.9620	99.1200	5958	590405
20150302	000000	99.2700	99.2700	98.6640	98.8080	10729	1060541
20150303	000000	98.7500	98.7600	98.5000	98.6800	8895	877388
20150304	000000	98.6500	98.9060	98.6200	98.7500	11417	1127727
20150305	000000	98.7000	98.7580	98.3100	98.3920	12529	1234409
20150306	000000	98.3500	98.8000	98.1620	98.4700	21453	2112601
20150309	000000	98.4700	98.5480	97.9500	98.5400	29091	2856418
20150310	000000	98.4020	98.5000	98.0120	98.3180	31895	3136864
20150311	000000	98.4000	99.0000	98.3280	98.5680	27970	2759816
20150312	000000	98.5920	98.9380	98.5600	98.8020	27334	2699767
20150313	000000	98.7620	98.7800	98.1800	98.2700	45232	4461000
20150316	000000	98.2660	98.3540	98.0200	98.1060	19394	1903586
20150317	000000	98.1050	98.4250	97.9550	98.3200	21614	2123322
20150318	000000	98.3500	98.4300	97.8250	97.8250	15921	1562759
20150319	000000	97.9950	98.1000	97.8450	98.0350	10085	987887
20150320	000000	98.1600	98.2950	98.0600	98.1700	6571	644901
20150323	000000	98.1700	98.1750	97.9200	97.9900	7134	699149
20150324	000000	98.0650	98.2600	97.8400	97.9400	10505	1029988
20150325	000000	97.9400	98.0800	97.8000	97.9350	8731	855143
20150326	000000	98.0000	98.0000	97.4000	97.4050	11789	1151224
20150327	000000	97.3000	97.6950	97.0650	97.6550	16364	1593055
20150330	000000	97.5000	97.5200	96.8250	97.1500	25907	2519214
20150331	000000	96.9000	97.0950	96.6700	96.9000	15338	1485404
20150401	000000	96.9500	97.3600	96.8400	97.3050	10124	983382
20150402	000000	97.5000	97.5600	97.2900	97.3900	10754	1047745
20150403	000000	97.4500	97.4800	96.9600	97.0000	10556	1026101
20150407	000000	97.0050	97.2350	96.8000	96.8050	9466	918101
20150408	000000	96.8550	96.9700	96.2750	96.3200	19257	1860284
20150409	000000	96.4500	96.5950	96.3200	96.5500	10995	1060641
20150410	000000	96.5500	96.7000	96.4100	96.4500	10779	1040496
20150413	000000	96.3900	96.9550	96.3800	96.9050	12681	1226901
20150414	000000	96.9500	97.2650	96.7500	96.7500	14390	1396878
20150415	000000	97.0000	97.3650	96.8500	97.1750	20214	1962466
20150416	000000	97.2100	97.2900	97.0700	97.2500	8535	829470
20150417	000000	97.2650	97.4000	97.0700	97.2950	10115	983262
20150420	000000	97.6800	98.0750	97.5800	98.0750	11620	1136575
20150421	000000	98.1300	98.4300	98.0100	98.0900	13430	1319116
20150422	000000	98.0900	98.2500	97.9650	98.2000	8135	798224
20150423	000000	98.1000	98.2650	97.9050	98.1500	9187	900994
20150424	000000	98.1000	98.1000	97.7550	97.8450	9344	914709
20150427	000000	97.9200	98.5050	97.8600	98.4050	14143	1389763
20150428	000000	98.3500	98.4900	98.2600	98.3800	7629	750517
20150429	000000	98.3450	98.4100	98.2050	98.3900	6243	613960
20150430	000000	98.4300	98.6200	98.4000	98.4600	8867	873549
20150504	000000	98.4250	98.4250	98.1100	98.1450	6679	655975
20150505	000000	98.0750	98.2100	97.9500	98.0150	8652	848652
20150506	000000	97.9500	97.9700	97.2700	97.2900	15563	1518825
20150507	000000	97.2850	97.5300	97.1000	97.2450	11536	1122500
20150508	000000	97.2650	97.6600	97.2650	97.6300	7722	753089
20150511	000000	98.4150	98.4150	97.0000	97.6650	9317	908309
20150512	000000	97.6600	97.8750	97.1900	97.4200	10396	1013784
20150513	000000	97.4000	97.6150	97.2450	97.4450	7423	723485
20150514	000000	97.5700	97.8000	97.3800	97.4800	7454	727739
20150515	000000	97.5300	97.8300	97.5200	97.8300	4982	486864
20150518	000000	97.8000	97.9050	97.5900	97.7100	5476	535288
20150519	000000	98.2000	98.2500	97.5000	97.8900	8627	845736
20150520	000000	97.8400	98.2750	97.7800	98.1750	9075	890608
20150521	000000	98.1600	98.2200	97.7000	97.9850	6573	643785
20150522	000000	97.9350	98.1050	97.9300	98.0400	5965	584729
20150525	000000	98.0050	98.0850	97.7100	97.7850	6383	624436
20150526	000000	97.7650	97.7650	96.6050	96.9000	13450	1307123
20150527	000000	96.9300	97.1850	96.6700	96.8350	9109	882645
20150528	000000	96.7000	96.8800	95.8850	96.1900	12109	1167957
20150529	000000	96.1600	96.2950	95.9200	96.1150	7590	729766
20150601	000000	96.1200	96.2350	95.1200	95.5000	14312	1368976
20150602	000000	95.7050	96.2800	95.6300	96.1800	12973	1244885
20150603	000000	95.9800	96.6600	95.8600	96.4300	12792	1230945
20150604	000000	96.4000	96.5750	95.9800	96.2500	11592	1116511
20150605	000000	96.3700	96.6800	96.2500	96.6800	8415	812240
20150608	000000	96.5950	96.9200	96.4650	96.8700	7336	709917
20150609	000000	96.8500	96.9550	96.6000	96.8350	8370	810161
20150610	000000	96.7500	96.7800	95.9900	96.2200	9906	954598
20150611	000000	96.1500	96.2950	95.9950	96.1100	6956	668926
20150612	000000	96.1550	96.4200	95.8500	96.0000	10085	969172
20150615	000000	95.9500	96.0200	95.5750	95.5950	7871	754105
20150616	000000	95.6500	96.3450	95.5500	96.2700	12048	1158369
20150617	000000	96.3600	96.4100	95.9050	96.1600	9442	907365
20150618	000000	96.2100	96.5950	96.1150	96.5150	7593	732202
20150619	000000	96.4800	96.6400	96.0900	96.2450	7714	742634
20150623	000000	96.1300	96.2200	95.8200	96.1050	8153	782719
20150624	000000	96.1350	96.1900	95.9300	96.1200	5368	515570
20150625	000000	95.9750	96.5950	95.9400	96.0000	10410	1001711
20150626	000000	96.0000	96.1300	95.8450	95.9500	6832	655808
20150629	000000	96.1200	96.2750	95.5850	95.7250	9573	918269
20150630	000000	95.7250	96.1500	95.7000	95.9600	7151	686003
20150701	000000	95.9400	96.0550	95.7050	95.7250	4764	456726
20150702	000000	95.6000	95.7650	95.3450	95.7200	6119	584938
20150703	000000	95.7200	96.4550	95.7000	96.2950	8831	849032
20150706	000000	96.4250	97.0800	96.2850	97.0150	8808	851700
20150707	000000	97.2100	97.3700	96.9100	97.1700	6117	594340
20150708	000000	97.3950	97.9300	96.0100	96.4700	16715	1618099
20150709	000000	96.4750	97.5300	96.3500	97.0750	8081	784080
20150710	000000	96.9000	97.0250	96.5000	96.9050	6768	655238
20150713	000000	96.8500	97.3000	96.7300	96.9450	5594	542819
20150714	000000	97.1300	97.1300	96.5950	96.6950	5086	491986
20150715	000000	96.5600	96.9300	96.4000	96.7200	5418	523384
20150716	000000	96.8000	97.0600	96.7650	97.0300	4009	388592
20150717	000000	96.9900	97.2350	96.8100	97.0800	4484	435059
20150720	000000	97.0600	97.2250	96.9300	97.0300	3628	352180
20150721	000000	96.9800	96.9950	96.7100	96.8150	4704	455613
20150722	000000	96.8150	97.0450	96.7200	96.9300	4817	466876
20150723	000000	97.0450	97.3500	97.0400	97.3050	5038	489797
20150724	000000	97.3800	97.5200	97.1150	97.2000	4713	458565
20150727	000000	97.2050	97.3300	97.0000	97.3000	4776	464132
20150728	000000	97.3750	97.4500	97.1500	97.3900	4530	440856
20150729	000000	97.3900	97.4900	97.2600	97.4000	3363	327499
20150730	000000	97.3650	97.4700	97.0850	97.1150	4431	430718
20150731	000000	97.1350	97.1400	96.5100	96.6050	9241	893879
20150803	000000	96.6400	96.8500	96.5450	96.6800	3876	374834
20150804	000000	96.6800	97.0000	96.6450	96.8300	5136	497486
20150805	000000	96.8300	96.9500	96.6800	96.8000	4126	399284
20150806	000000	96.8100	97.1900	96.7300	97.1100	4705	456068
20150807	000000	97.1500	97.2500	96.9800	97.1400	5053	490712
20150810	000000	97.1250	97.2350	96.8550	96.9500	3711	359947
20150811	000000	96.8800	97.0250	96.4100	96.4300	6517	629589
20150812	000000	96.4000	96.6350	96.0650	96.6150	7987	769459
20150813	000000	96.5350	96.7250	96.4500	96.5750	4542	438603
20150814	000000	96.6050	96.7000	96.4800	96.6500	3957	382270
20150817	000000	96.5300	96.5500	96.2500	96.3900	4231	407801
20150818	000000	96.4050	96.7200	96.3400	96.7000	4248	409967
20150819	000000	98.2800	98.2900	98.0150	98.1100	3187	312643
20150820	000000	98.0900	98.2500	98.0200	98.2250	2759	270853
20150821	000000	98.3000	98.4150	98.2300	98.3200	2981	293107
20150824	000000	98.3250	98.6000	98.3150	98.5600	4421	435470
20150825	000000	98.6500	98.7050	98.5000	98.6000	4006	394941
20150826	000000	98.6050	98.8050	98.5650	98.7650	4865	480236
20150827	000000	98.7650	99.1900	98.7500	99.1300	4647	459920
20150828	000000	98.9000	99.1500	98.9000	98.9500	3910	387193
20150831	000000	98.9500	99.3450	98.9150	99.2100	5239	519702
20150901	000000	99.2800	99.3950	99.1900	99.2600	3560	353481
20150902	000000	99.2650	99.3400	98.9550	99.0500	3863	382844
20150907	000000	99.0300	99.0400	98.8000	98.8100	5684	562275
20150908	000000	98.7900	98.7900	98.4950	98.6600	10343	1020141
20150909	000000	98.6500	98.7850	98.5100	98.5400	8994	887395
20150910	000000	98.5400	98.8500	98.3750	98.7550	9492	936289
20150911	000000	98.7950	98.8200	98.6000	98.6150	8641	852787
20150914	000000	98.6500	98.8050	98.6100	98.7500	6574	648887
20150915	000000	98.7600	98.9750	98.7000	98.9450	7081	700088
20150916	000000	98.9700	99.0000	98.7500	98.8400	8224	813100
20150917	000000	98.7950	98.8300	98.5400	98.6550	8029	792124
20150918	000000	98.6700	98.8900	98.6000	98.7000	11614	1147198
20150921	000000	98.6900	98.7900	98.6200	98.7450	7558	746040
20150922	000000	98.7450	98.7800	98.5050	98.5900	9305	917708
20150923	000000	98.6750	98.7300	98.5700	98.6500	8097	798777
20150924	000000	98.6400	98.8200	98.5250	98.8200	8579	846349
20150925	000000	98.8000	98.9400	98.7450	98.9000	9207	910217
20150928	000000	98.8900	99.0350	98.8750	99.0000	6217	615253
20150929	000000	99.0500	99.2150	99.0400	99.1600	8321	825045
20150930	000000	99.1600	99.2150	99.0100	99.2150	7709	764005
20151008	000000	99.1550	99.1600	98.9700	99.1550	8434	835433
20151009	000000	99.1500	99.9000	99.1200	99.9000	19922	1983938
20151012	000000	99.9900	100.0900	99.7150	99.9550	19894	1987911
20151013	000000	100.0000	100.3950	99.8500	100.2800	22399	2240704
20151014	000000	100.2900	100.5650	99.9650	100.1800	40565	4067871
20151015	000000	100.1800	100.1800	99.8600	100.0050	35519	3553751
20151016	000000	100.0000	100.0000	99.5600	99.6250	33464	3338043
20151019	000000	99.6700	99.8500	99.6150	99.7400	25841	2576651
20151020	000000	99.7250	100.3150	99.7250	100.3000	34135	3414383
20151021	000000	100.3000	100.3800	100.0000	100.0500	36742	3680170
20151022	000000	100.1200	100.2500	100.0050	100.2450	33370	3341199
20151023	000000	100.2450	100.4650	100.0500	100.0550	48203	4832499
20151026	000000	100.1600	100.3300	99.9100	100.2900	56190	5629760
20151027	000000	100.3200	100.6500	100.2000	100.5950	61310	6157410
20151028	000000	100.5800	100.6600	100.1300	100.2150	57376	5764426
20151029	000000	100.1900	100.2000	99.8400	99.8600	53021	5303828
20151030	000000	99.8300	100.0700	99.7600	99.9150	59665	5962726
20151102	000000	99.9500	100.1650	99.8200	99.9450	75239	7520679
20151103	000000	99.9400	99.9700	99.7400	99.7500	52371	5229366
20151104	000000	99.7500	99.9450	99.4050	99.6250	69731	6949881
20151105	000000	99.6250	99.9250	99.5200	99.8900	63300	6312367
20151106	000000	99.8900	99.9500	99.6100	99.6550	59825	5969819
20151109	000000	99.5000	99.5000	99.0650	99.0850	54661	5422391
20151110	000000	99.1100	99.3750	99.0200	99.3200	61342	6087812
20151111	000000	99.3300	99.6800	99.3300	99.6500	70358	7002245
20151112	000000	99.6250	99.7500	99.3100	99.6450	67714	6743589
20151113	000000	99.6800	99.8750	99.4850	99.5100	62319	6209843
20151116	000000	99.5050	99.7700	99.4300	99.7100	65493	6521707
20151117	000000	99.7100	99.8250	99.6100	99.7950	60068	5990338
20151118	000000	99.7950	99.8600	99.4800	99.4850	50594	5040290
20151119	000000	99.4900	99.7500	99.4400	99.6750	53173	5298978
20151120	000000	99.6800	99.9500	99.6700	99.9200	46673	4660144
20151123	000000	99.9000	100.0050	99.4550	99.9800	39481	3940105
20151124	000000	99.6000	99.9000	99.5200	99.8800	23159	2309703
20151125	000000	99.9100	99.9800	99.7600	99.8800	30267	3022632
20151126	000000	99.8600	100.1550	99.7500	100.0650	44662	4466430
20151127	000000	100.0800	100.1800	99.8650	99.9750	42888	4288848
20151130	000000	99.9800	100.2600	99.9250	100.1350	34057	3410848
20151201	000000	100.1600	100.2250	99.9200	99.9900	30504	3051182
20151202	000000	99.9800	100.1850	99.9500	100.0200	37438	3746322
20151203	000000	100.0000	100.1400	99.9000	100.1050	33677	3369814
20151204	000000	100.1000	100.2150	99.9600	100.0450	32977	3301111
20151207	000000	100.0300	100.1750	99.9600	100.1150	31934	3194909
20151208	000000	100.1300	100.2500	100.0750	100.2300	26094	2613756
20151209	000000	100.2500	100.3150	100.1100	100.2200	27283	2733624
20151210	000000	100.2000	100.3000	100.1200	100.1800	27347	2740689
20151211	000000	100.1700	100.3500	100.1300	100.3400	26011	2606986
20151214	000000	100.2850	100.2850	100.0500	100.0900	27221	2726031
20151215	000000	100.0750	100.2300	100.0500	100.2000	22243	2227940
20151216	000000	100.1900	100.2750	100.0900	100.2450	23035	2307630
20151217	000000	100.2350	100.3000	100.1800	100.2400	21760	2181192
20151218	000000	100.3050	100.6500	100.2500	100.6200	34667	3483518
20151221	000000	100.6200	100.8400	100.5850	100.7800	26083	2627556
20151222	000000	100.8000	100.9300	100.7100	100.7750	26411	2662188
20151223	000000	100.7600	100.8750	100.7200	100.8100	20364	2052879
20151224	000000	100.8000	100.9900	100.7600	100.9600	21606	2179707
20151225	000000	100.9750	100.9850	100.7550	100.8600	27792	2802632
20151228	000000	100.8500	100.9800	100.7600	100.9550	18639	1880261
20151229	000000	100.9500	101.0500	100.8050	100.8300	22469	2267058
20151230	000000	100.8300	100.8650	100.6950	100.7850	20558	2071759
20151231	000000	100.7900	100.8950	100.6600	100.6800	21041	2120708
20160104	000000	100.6700	100.6800	100.4750	100.5950	21582	2170755
20160105	000000	100.4950	100.6150	100.3200	100.3300	22416	2251563
20160106	000000	100.3400	100.6500	100.2500	100.6200	22715	2282648
20160107	000000	100.6800	100.8600	100.4850	100.5800	35229	3545230
20160108	000000	100.6100	100.8150	100.6050	100.7650	27056	2724776
20160111	000000	100.7450	100.8500	100.7050	100.7900	21535	2170220
20160112	000000	100.8400	100.9950	100.7650	100.9800	21656	2185377
20160113	000000	101.0300	101.3000	100.9600	101.1300	21587	2181285
20160114	000000	101.1400	101.2100	100.8700	100.9200	24260	2450259
20160115	000000	100.8900	101.0700	100.8200	101.0500	18311	1848987
20160118	000000	101.0150	101.0300	100.7250	100.8400	19576	1974103
20160119	000000	100.8300	100.9100	100.6900	100.7200	21573	2174460
20160120	000000	100.7100	100.8350	100.5700	100.8200	25234	2540896
20160121	000000	100.8100	100.9000	100.7000	100.8600	19203	1935777
20160122	000000	100.8700	100.9450	100.7950	100.8750	15224	1535713
